# Position (bp)	A	C	G	T	N
0.0	95.04347826086956	2.086956521739131	1.3043478260869565	1.565217391304348	0.0
1.0	95.30434782608695	1.7391304347826086	0.0	2.9565217391304346	0.0
2.0	95.10729613733906	1.888412017167382	0.7725321888412017	2.2317596566523603	0.0
3.0	96.52247667514843	1.2722646310432568	1.0178117048346056	1.1874469889737065	0.0
4.0	96.8094038623006	1.4273719563392109	0.16792611251049538	1.595298068849706	0.0
5.0	96.8280467445743	0.9181969949916527	1.2520868113522539	1.001669449081803	0.0
6.0	96.1730449251248	0.49916805324459235	1.0815307820299502	2.246256239600666	0.0
7.0	96.10604805302403	0.6628003314001657	0.7456503728251864	2.4855012427506216	0.0
8.0	96.46381578947368	0.6578947368421052	1.069078947368421	1.8092105263157896	0.0
9.0	96.4110929853181	0.6525285481239804	0.897226753670473	2.039151712887439	0.0
10.0	96.86242960579243	0.8045052292839904	0.8045052292839904	1.5285599356395816	0.0
11.0	96.42573471008737	1.5885623510722795	0.7148530579825259	1.2708498808578237	0.0
12.0	96.92429022082018	0.7097791798107256	0.8675078864353312	1.498422712933754	0.0
13.0	96.74670797831139	0.5422153369481022	1.0069713400464757	1.7041053446940357	0.0
14.0	96.63608562691131	0.6116207951070336	0.9174311926605505	1.834862385321101	0.0
15.0	96.97428139183056	0.8320726172465961	0.9833585476550681	1.2102874432677762	0.0
16.0	97.38023952095809	0.8233532934131738	0.9730538922155689	0.8233532934131738	0.0
17.0	96.96745562130178	1.4792899408284024	0.9615384615384616	0.591715976331361	0.0
18.0	96.84055841293167	0.881704628949302	0.881704628949302	1.396032329169728	0.0
19.0	96.69360764144011	0.881704628949302	0.9551800146950772	1.4695077149155034	0.0
20.0	97.0414201183432	0.591715976331361	1.183431952662722	1.183431952662722	0.0
21.0	96.59763313609467	1.257396449704142	0.8875739644970414	1.257396449704142	0.0
22.0	96.24170965364776	1.3264554163596167	1.0316875460574797	1.400147383935151	0.0
23.0	95.99109131403118	1.855976243504083	0.6681514476614699	1.4847809948032664	0.0
24.0	96.59763313609467	0.4437869822485207	0.8875739644970414	2.0710059171597637	0.0
25.0	97.04797047970479	0.959409594095941	0.36900369003690037	1.6236162361623614	0.0
26.0	97.19142645971914	0.9608277900960829	0.8130081300813009	1.0347376201034737	0.0
27.0	97.26128793486306	0.7401924500370096	0.9622501850481125	1.0362694300518136	0.0
28.0	96.96296296296296	0.7407407407407408	0.7407407407407408	1.5555555555555556	0.0
29.0	97.0414201183432	0.9615384615384616	1.0355029585798818	0.9615384615384616	0.0
30.0	96.96745562130178	0.7396449704142012	1.1094674556213018	1.183431952662722	0.0
31.0	96.61515820456218	1.030169242089772	0.8830022075055187	1.4716703458425313	0.0
32.0	96.76232523914643	0.8830022075055187	1.177336276674025	1.177336276674025	0.0
33.0	94.29037520391516	2.2838499184339316	2.1207177814029365	1.3050570962479608	0.0
34.0	93.83116883116884	2.1103896103896105	1.1363636363636365	2.922077922077922	0.0
35.0	88.58560794044665	2.729528535980149	3.225806451612903	5.459057071960298	0.0
36.0	89.47368421052632	2.506265664160401	4.010025062656641	4.010025062656641	0.0
37.0	87.28179551122194	3.4912718204488775	2.493765586034913	6.733167082294264	0.0
38.0	87.28179551122194	4.987531172069826	2.493765586034913	5.236907730673317	0.0
39.0	88.69346733668341	2.261306532663317	3.015075376884422	6.030150753768844	0.0
40.0	89.97493734335839	2.756892230576441	3.508771929824561	3.7593984962406015	0.0
41.0	90.75	2.5	3.75	3.0	0.0
42.0	90.1015228426396	4.314720812182741	2.284263959390863	3.2994923857868024	0.0
43.0	89.84375	1.5625	2.083333333333333	6.510416666666667	0.0
44.0	89.12466843501326	1.8567639257294428	5.570291777188329	3.4482758620689653	0.0
45.0	90.27027027027027	2.9729729729729732	3.2432432432432434	3.5135135135135136	0.0
46.0	89.9425287356322	2.586206896551724	2.2988505747126435	5.172413793103448	0.0
47.0	87.68768768768768	3.903903903903904	4.2042042042042045	4.2042042042042045	0.0
48.0	88.1619937694704	4.361370716510903	3.7383177570093453	3.7383177570093453	0.0
49.0	85.12658227848101	1.89873417721519	3.1645569620253164	9.81012658227848	0.0
50.0	87.5	5.263157894736842	2.302631578947368	4.934210526315789	0.0
51.0	84.7972972972973	4.391891891891892	5.0675675675675675	5.743243243243244	0.0
52.0	84.82758620689656	2.413793103448276	2.413793103448276	10.344827586206897	0.0
53.0	86.01398601398601	3.8461538461538463	5.244755244755245	4.895104895104895	0.0
54.0	82.6086956521739	5.072463768115942	3.260869565217391	9.057971014492754	0.0
55.0	85.17110266159695	6.4638783269961975	4.182509505703422	4.182509505703422	0.0
56.0	86.43410852713178	4.263565891472868	4.263565891472868	5.038759689922481	0.0
57.0	86.83127572016461	2.880658436213992	4.526748971193416	5.761316872427984	0.0
58.0	82.90598290598291	5.555555555555555	1.282051282051282	10.256410256410255	0.0
59.0	81.33333333333333	3.5555555555555554	7.111111111111111	8.0	0.0
60.0	79.62962962962963	5.092592592592593	7.4074074074074066	7.87037037037037	0.0
61.0	80.48780487804879	3.414634146341464	2.9268292682926833	13.170731707317074	0.0
62.0	77.88944723618091	8.542713567839195	6.030150753768844	7.537688442211055	0.0
63.0	81.02564102564102	4.615384615384616	5.128205128205128	9.230769230769232	0.0
64.0	80.31914893617021	5.319148936170213	4.787234042553192	9.574468085106384	0.0
65.0	83.60655737704919	5.46448087431694	5.46448087431694	5.46448087431694	0.0
66.0	79.88826815642457	7.82122905027933	3.910614525139665	8.379888268156424	0.0
67.0	75.86206896551724	7.471264367816093	5.747126436781609	10.919540229885058	0.0
68.0	79.1907514450867	2.8901734104046244	10.404624277456648	7.514450867052023	0.0
69.0	72.72727272727273	7.2727272727272725	8.484848484848486	11.515151515151516	0.0
70.0	70.625	9.375	3.75	16.25	0.0
71.0	76.43312101910828	3.821656050955414	3.821656050955414	15.92356687898089	0.0
72.0	77.70700636942675	3.821656050955414	7.006369426751593	11.464968152866243	0.0
73.0	70.58823529411765	7.8431372549019605	9.15032679738562	12.418300653594772	0.0
74.0	69.48051948051948	8.441558441558442	8.441558441558442	13.636363636363635	0.0
75.0	65.60509554140127	14.64968152866242	12.738853503184714	7.006369426751593	0.0
76.0	76.43312101910828	8.280254777070063	3.821656050955414	11.464968152866243	0.0
77.0	73.8562091503268	8.49673202614379	10.457516339869281	7.18954248366013	0.0
78.0	69.50354609929079	13.47517730496454	4.25531914893617	12.76595744680851	0.0
79.0	71.94244604316546	7.194244604316546	7.913669064748201	12.949640287769784	0.0
80.0	71.73913043478261	5.072463768115942	5.072463768115942	18.115942028985508	0.0
81.0	72.66187050359713	7.913669064748201	8.633093525179856	10.79136690647482	0.0
82.0	75.55555555555556	5.185185185185185	6.666666666666667	12.592592592592592	0.0
83.0	69.92481203007519	9.774436090225564	9.774436090225564	10.526315789473683	0.0
84.0	71.42857142857143	10.714285714285714	4.285714285714286	13.571428571428571	0.0
85.0	71.73913043478261	6.521739130434782	10.144927536231885	11.594202898550725	0.0
86.0	74.24242424242425	15.151515151515152	5.303030303030303	5.303030303030303	0.0
87.0	77.44360902255639	3.7593984962406015	7.518796992481203	11.278195488721805	0.0
88.0	69.6969696969697	17.424242424242426	2.272727272727273	10.606060606060606	0.0
89.0	76.5625	7.8125	7.03125	8.59375	0.0
90.0	71.42857142857143	8.73015873015873	11.904761904761903	7.936507936507936	0.0
91.0	70.16129032258065	5.64516129032258	5.64516129032258	18.548387096774192	0.0
92.0	67.76859504132231	6.6115702479338845	18.181818181818183	7.43801652892562	0.0
93.0	71.66666666666667	11.666666666666666	8.333333333333332	8.333333333333332	0.0
94.0	72.5	5.833333333333333	3.3333333333333335	18.333333333333332	0.0
95.0	74.16666666666667	10.0	9.166666666666666	6.666666666666667	0.0
96.0	70.08547008547008	7.6923076923076925	5.982905982905983	16.23931623931624	0.0
97.0	72.03389830508475	7.627118644067797	1.694915254237288	18.64406779661017	0.0
98.0	70.79646017699115	4.424778761061947	14.15929203539823	10.619469026548673	0.0
99.0	68.46846846846847	11.711711711711711	6.306306306306306	13.513513513513514	0.0
100.0	66.66666666666666	13.333333333333334	4.761904761904762	15.238095238095239	0.0
101.0	69.23076923076923	11.538461538461538	10.576923076923077	8.653846153846153	0.0
102.0	66.66666666666666	7.6190476190476195	12.380952380952381	13.333333333333334	0.0
103.0	72.27722772277228	5.9405940594059405	4.9504950495049505	16.831683168316832	0.0
104.0	60.204081632653065	11.224489795918368	14.285714285714285	14.285714285714285	0.0
105.0	68.08510638297872	8.51063829787234	9.574468085106384	13.829787234042554	0.0
106.0	63.04347826086957	10.869565217391305	9.782608695652174	16.304347826086957	0.0
107.0	67.74193548387096	7.526881720430108	11.827956989247312	12.903225806451612	0.0
108.0	67.74193548387096	8.60215053763441	10.75268817204301	12.903225806451612	0.0
109.0	60.91954022988506	16.091954022988507	10.344827586206897	12.643678160919542	0.0
110.0	69.62025316455697	8.860759493670885	10.126582278481013	11.39240506329114	0.0
111.0	56.9620253164557	6.329113924050633	13.924050632911392	22.78481012658228	0.0
112.0	64.93506493506493	6.493506493506493	9.090909090909092	19.480519480519483	0.0
113.0	67.94871794871796	8.974358974358974	10.256410256410255	12.82051282051282	0.0
114.0	64.1025641025641	16.666666666666664	8.974358974358974	10.256410256410255	0.0
115.0	62.66666666666667	9.333333333333334	14.666666666666666	13.333333333333334	0.0
116.0	65.27777777777779	12.5	16.666666666666664	5.555555555555555	0.0
117.0	68.11594202898551	13.043478260869565	4.3478260869565215	14.492753623188406	0.0
118.0	56.060606060606055	12.121212121212121	12.121212121212121	19.696969696969695	0.0
119.0	73.84615384615385	13.846153846153847	1.5384615384615385	10.76923076923077	0.0
120.0	56.25	15.625	7.8125	20.3125	0.0
121.0	62.903225806451616	9.67741935483871	8.064516129032258	19.35483870967742	0.0
122.0	70.49180327868852	13.114754098360656	3.278688524590164	13.114754098360656	0.0
123.0	60.65573770491803	11.475409836065573	9.836065573770492	18.0327868852459	0.0
124.0	64.51612903225806	20.967741935483872	6.451612903225806	8.064516129032258	0.0
125.0	60.0	16.923076923076923	7.6923076923076925	15.384615384615385	0.0
126.0	61.904761904761905	11.11111111111111	14.285714285714285	12.698412698412698	0.0
127.0	73.01587301587301	9.523809523809524	11.11111111111111	6.349206349206349	0.0
128.0	60.60606060606061	6.0606060606060606	16.666666666666664	16.666666666666664	0.0
129.0	62.5	10.9375	15.625	10.9375	0.0
130.0	59.01639344262295	11.475409836065573	9.836065573770492	19.672131147540984	0.0
131.0	68.96551724137932	8.620689655172415	6.896551724137931	15.517241379310345	0.0
132.0	60.0	16.363636363636363	9.090909090909092	14.545454545454545	0.0
133.0	67.3076923076923	3.8461538461538463	13.461538461538462	15.384615384615385	0.0
134.0	65.21739130434783	6.521739130434782	10.869565217391305	17.391304347826086	0.0
135.0	66.66666666666666	8.88888888888889	8.88888888888889	15.555555555555555	0.0
136.0	61.36363636363637	22.727272727272727	4.545454545454546	11.363636363636363	0.0
137.0	68.18181818181817	9.090909090909092	9.090909090909092	13.636363636363635	0.0
138.0	64.28571428571429	9.523809523809524	16.666666666666664	9.523809523809524	0.0
139.0	61.904761904761905	9.523809523809524	21.428571428571427	7.142857142857142	0.0
140.0	60.0	5.0	20.0	15.0	0.0
141.0	71.7948717948718	5.128205128205128	5.128205128205128	17.94871794871795	0.0
142.0	58.97435897435898	15.384615384615385	10.256410256410255	15.384615384615385	0.0
143.0	63.888888888888886	5.555555555555555	8.333333333333332	22.22222222222222	0.0
144.0	62.857142857142854	17.142857142857142	8.571428571428571	11.428571428571429	0.0
145.0	76.47058823529412	2.941176470588235	0.0	20.588235294117645	0.0
146.0	53.125	12.5	6.25	28.125	0.0
147.0	60.71428571428571	0.0	25.0	14.285714285714285	0.0
148.0	61.53846153846154	7.6923076923076925	19.230769230769234	11.538461538461538	0.0
149.0	36.84210526315789	15.789473684210526	15.789473684210526	31.57894736842105	0.0
150.0	0.0	37.5	0.0	62.5	0.0
