# Position (bp)	A	C	G	T	N
0.0	57.6846238751672	14.407143913266236	15.664962296395377	12.227624552559822	0.015645362611365753
1.0	59.475829675591385	9.650077453008118	11.279599341864339	19.59414967600401	3.4385353214944563E-4
2.0	59.23314780457638	11.051844980416409	10.58183879612451	19.132996632996633	1.7178588607160038E-4
3.0	61.839020086442765	10.489853788822861	11.913344387571192	15.757781737163182	0.0
4.0	62.16919010430514	10.025711791231918	11.727252611916619	16.077673966253915	1.7152629240773173E-4
5.0	62.84717639294806	10.079792932625969	10.311543834688926	16.761486839737053	0.0
6.0	56.45706709059388	10.93896681444733	10.462048692243913	22.14191740271487	0.0
7.0	58.558334888610744	11.832379334729373	11.188751320558941	18.42053445610094	0.0
8.0	58.440022658468095	10.957012231123219	11.261977413409227	19.340987696999466	0.0
9.0	63.14300473113277	9.235971661096269	11.811582551938123	15.80944105583284	0.0
10.0	59.87387667675813	12.158131090988968	12.421215659258474	15.546776572994428	0.0
11.0	57.90655278638221	11.920012711582062	11.979128402355743	18.194306099679988	0.0
12.0	59.41859710596328	10.933919380893347	11.75612771465358	17.891185038711242	1.7075977855871916E-4
13.0	59.79648410511861	11.000605600525422	11.102619435512073	18.100290858843902	0.0
14.0	59.88131241667831	10.574651114422196	11.153598303391513	18.390438165507977	0.0
15.0	60.200067802269494	10.58209440869777	11.790269522539145	17.427568266493584	0.0
16.0	60.156940327603145	10.901887608388085	11.306752111577797	17.634419952430974	0.0
17.0	60.014056129221096	10.989987135068171	11.390399629707783	17.60555710600295	0.0
18.0	60.23703340851184	10.599318971177036	11.600281664268438	17.563365956042684	0.0
19.0	59.9291878207135	11.136669887979965	11.34900434196736	17.585137949339178	0.0
20.0	60.2312429906383	10.761444298655395	11.179751092141517	17.82756161856479	0.0
21.0	60.05031669217112	10.766852942828594	11.740164329278153	17.44249581687175	1.7021885037592834E-4
22.0	60.391359117526896	10.990569249625494	11.129817513277953	17.488254119569657	0.0
23.0	59.91507156259471	10.713446548547806	11.188146796113859	18.183335092743626	0.0
24.0	60.264050453591956	10.343905794535102	11.682546925654508	17.709496826218434	0.0
25.0	60.32046861297711	10.796318527410964	11.447132044307084	17.435910534426537	1.702808783087703E-4
26.0	59.73035154433941	10.487066785420524	11.33991474926304	18.44266692097703	0.0
27.0	59.57019139701424	10.646245988430326	11.931481367919709	17.851740561313136	3.4068532259493196E-4
28.0	59.97236877296569	10.74841103409271	11.311597449477613	17.967622743463988	0.0
29.0	59.9297407529188	10.771608040629062	11.07894965492215	18.21970155152998	0.0
30.0	60.20454588054071	10.663342767708196	11.64091667362459	17.491194678126508	0.0
31.0	60.135487410507096	10.868979993798112	11.24961238196818	17.745920213726617	0.0
32.0	59.58055078220128	11.003982177952935	11.009813101742761	18.40565393810303	0.0
33.0	35.878190534565036	17.49239306510223	18.547239612976664	28.082176787356072	0.0
34.0	36.065834241914544	17.99319522898986	17.481741626899115	28.459228902196482	0.0
35.0	31.917072815887103	18.360660507747145	18.653669891612715	31.068596784753037	0.0
36.0	31.53717469415068	18.0504196790946	20.308395036585544	30.10401059016918	0.0
37.0	31.44202396680266	18.740142357453397	19.60615989896462	30.211673776779325	0.0
38.0	31.677779685731	18.328477754073884	18.726916595603495	31.26682596459162	0.0
39.0	32.06814932994838	18.43537197108428	19.69774165092101	29.798737048046327	0.0
40.0	32.4996797372681	18.484400293477123	18.87657656608476	30.13934340317002	0.0
41.0	31.3456694862201	18.522864588641227	18.75667884752573	31.374787077612943	0.0
42.0	31.805909507929343	18.267049177940557	20.244943133000334	29.682098181129767	0.0
43.0	31.927328240716463	18.62621707133742	19.289306087250395	30.15714860069572	0.0
44.0	31.407166959025133	18.037449080090678	18.841386303637094	31.713997657247088	0.0
45.0	31.86061019478891	18.51252630903865	19.686157218733786	29.94070627743865	0.0
46.0	32.18484083312656	18.345131580867864	19.187891349087035	30.28213623691854	0.0
47.0	31.507577616527033	18.154438485177785	18.586485318002826	31.751498580292353	0.0
48.0	31.572793625460744	18.143234213457035	20.032679451990727	30.251292709091494	0.0
49.0	32.293317736511185	18.64746307939757	19.551103962567627	29.50811522152361	0.0
50.0	31.222443599893506	18.727673281665542	18.818369860649096	31.23151325779186	0.0
51.0	31.67445318720435	18.1543019062339	20.122593789518056	30.0486511170437	0.0
52.0	31.021069312266953	18.358977964071155	20.139309952928702	30.48064277073319	0.0
53.0	31.201943363495708	17.834286651976182	19.44740728585494	31.516362698673166	0.0
54.0	30.91702877516434	18.321517161303944	20.3041711380469	30.45728292548481	0.0
55.0	30.958446574586606	18.969646452491503	19.79202742443898	30.279879548482906	0.0
56.0	31.40046238495457	18.393461982497524	18.81236982570966	31.393705806838245	0.0
57.0	30.516449873982822	18.739945828787206	20.254504709836986	30.489099587392985	0.0
58.0	31.383683345991486	18.675486161400286	19.56479502622887	30.37603546637936	0.0
59.0	30.382003270525495	18.447236995241532	19.567170995447782	31.60358873878519	0.0
60.0	30.275916355392297	18.72510664893852	19.782014581496888	31.216962414172293	0.0
61.0	31.07421293114383	18.4283105857922	20.04566223514871	30.45181424791526	0.0
62.0	30.510095360649785	18.394186866734156	18.745406839640044	32.350310932976015	0.0
63.0	30.698568492665295	18.422684430586067	19.94041291663714	30.9383341601115	0.0
64.0	30.802413326478632	18.829737571427728	19.588777204583195	30.779071897510445	0.0
65.0	31.086402525912483	18.332081808345208	19.25594375824085	31.325571907501466	0.0
66.0	31.15337510427945	18.307330031890285	20.25831721069478	30.280977653135484	0.0
67.0	31.729770210549063	18.90915872137252	19.346655576308862	30.014415491769554	0.0
68.0	30.98608239176675	18.51326290593024	19.423328731655005	31.077325970648005	0.0
69.0	30.973364756102985	18.607615575021864	20.185275764447805	30.233743904427353	0.0
70.0	31.229177729849678	18.795593911219623	19.772219568706443	30.20300879022425	0.0
71.0	31.189710610932476	18.77688806548441	19.114464109164434	30.918937214418683	0.0
72.0	30.73244811107677	18.61136206937543	20.497016238320533	30.159173581227268	0.0
73.0	31.115501221329982	18.89119303559262	19.91496806095642	30.07833768212098	0.0
74.0	30.935483198470394	18.845470005033164	18.814794518916052	31.40425227758039	0.0
75.0	30.96099095204734	18.309061368074293	20.329721108411466	30.4002265714669	0.0
76.0	30.903267021708498	19.083598022592124	19.720643374011892	30.292491581687486	0.0
77.0	30.540925096700523	18.64332303056753	19.092898265667877	31.72285360706407	0.0
78.0	30.160179367364837	18.84943857895068	20.073758542550358	30.916623511134127	0.0
79.0	30.710191159187396	18.745952557983355	19.538051951166864	31.00580433166239	0.0
80.0	30.918154382066337	18.679899701205688	18.871188120298495	31.53075779642948	0.0
81.0	31.091622918515622	18.45515125077092	20.191940311978218	30.26098467185126	3.008468839783992E-4
82.0	30.581473846636047	19.302195218979424	19.43480042915868	30.68153050522585	0.0
83.0	30.60152033608065	18.71668413311548	19.02171779252275	31.660077738281124	0.0
84.0	30.429704755738175	18.706468263813665	20.151222670692817	30.712604309755342	0.0
85.0	31.180587989106375	18.88279643591501	19.66312239562799	30.27349317935063	0.0
86.0	30.679589807825025	18.69852456075812	19.205944320638213	31.41594131077864	0.0
87.0	30.963216758063382	18.181291665777593	20.186431016561144	30.669060559597877	0.0
88.0	30.67475285961448	19.14856545475665	19.808829193438935	30.367852492189932	0.0
89.0	30.341835796186157	18.559384388987677	19.707830032497395	31.390643203139373	3.0657918940462324E-4
90.0	30.950697296898444	18.75845487861869	20.1404432201097	30.150404604373172	0.0
91.0	31.026922009436582	18.616584944644895	19.604033675640668	30.752459370277858	0.0
92.0	30.369820425966314	18.979784387422082	19.447202759346048	31.20319242726556	0.0
93.0	31.403839944363032	17.82245845855791	20.404982489257595	30.368719107821462	0.0
94.0	30.707380973891045	19.038258447792998	19.488724334192106	30.76563624412385	0.0
95.0	30.832533431718627	18.640469497953607	19.19451210170371	31.332172303497785	3.1266512626981123E-4
96.0	31.36517121912031	18.299043482627035	20.266054930708975	30.06941654950793	3.138180357501506E-4
97.0	31.11405852256975	18.855382211356705	19.608967411850696	30.42159185422285	0.0
98.0	30.68807165357319	18.704062140245675	18.958024972484726	31.649841233696407	0.0
99.0	31.02783617114514	18.96486024755965	19.996888039274214	30.010097995008163	3.175470128352502E-4
100.0	30.656210334292222	18.885182326714673	20.087511720319686	30.371095618673422	0.0
101.0	30.682818889518664	18.714354791708697	19.14698074478271	31.45552534752577	3.2022646415545073E-4
102.0	30.947932978138475	18.23969543702151	20.2917656742861	30.520605910553915	0.0
103.0	30.502223528385912	19.11685392532691	19.54412016418908	30.836802382098092	0.0
104.0	30.67701673881861	18.83652554308672	18.768376029544438	31.717757167057176	3.2452149305848524E-4
105.0	30.079747520523735	18.334430975684505	20.61796177596359	30.967859727828166	0.0
106.0	30.447835548913186	19.49021998479247	19.422048297018797	30.63956842077663	3.2774849891187497E-4
107.0	30.80961791831357	18.692028985507246	18.631093544137023	31.86725955204216	0.0
108.0	30.96358452516168	18.591528774417444	20.305509839827543	30.13904572051115	3.311400821889684E-4
109.0	31.170538507621647	19.041802569393596	19.76003461359249	30.027624309392266	0.0
110.0	30.510771124887505	18.559656876357057	18.94908347579968	31.980488522955763	0.0
111.0	31.007830192171156	18.39371700265493	19.952689083830503	30.645090735338158	6.729860052560208E-4
112.0	31.301485488492624	18.474727074051145	19.491665905484908	30.732121531971323	0.0
113.0	30.53136940670498	18.36638868190309	19.13841735822607	31.96382455316586	0.0
114.0	30.951345986001062	18.00523676689542	20.182088888128284	30.860643814283023	6.845446922115928E-4
115.0	30.542874258918793	18.8938695972512	20.062385093680927	30.500182472956133	6.885771929462152E-4
116.0	30.92198925494733	18.544741609540996	18.467842779996605	32.065426355515065	0.0
117.0	30.4207221240665	18.528430890824126	19.949888311570643	31.10095867353873	0.0
118.0	31.215435707347183	18.485255490834874	19.247291842739266	31.050964907051203	0.0010520520274795988
119.0	30.69337322616838	18.866300198288087	19.006724859398926	31.433601716144604	0.0
120.0	31.366358154038487	17.783041986603497	20.09226966324059	30.75797503959995	3.551565174772522E-4
121.0	31.07259240202384	18.691221450418773	19.59737586827888	30.638810279278506	0.0
122.0	30.61805425765919	18.397501329844587	19.222364391793782	31.761361185790072	7.188349123740241E-4
123.0	30.460958800089678	18.65675419628716	19.787817207489315	31.094469796133843	0.0
124.0	30.763325170919494	18.6932618242813	19.550133351768505	30.992915801002045	3.6385202865698576E-4
125.0	30.79138061150473	18.64041675520028	19.000901211139848	31.566568730171525	7.326919836170072E-4
126.0	30.813539433433824	18.62613053088365	19.861919328710965	30.69804170464316	3.690023284046922E-4
127.0	30.67342419333264	18.923427908981466	19.42838458451615	30.973648618521764	0.0011146946479794302
128.0	31.00468050239637	18.589189573441985	18.99550656804313	31.4098750743605	7.482817580131623E-4
129.0	30.508576791590187	19.354036236991583	19.782216208270356	30.355170763147875	0.0
130.0	31.28680935033394	19.21182452944748	19.187537947783852	30.313828172434732	0.0
131.0	31.047095605378423	18.596304818107463	18.670835276221347	31.685764300292774	0.0
132.0	30.839297332465843	19.01036754147209	19.994379275696527	30.15595585036554	0.0
133.0	30.988270158725236	19.078059300864222	19.625762206947915	30.30790833346263	0.0
134.0	31.0517960067883	18.720623773139277	18.5239350262382	31.70364519383422	0.0
135.0	30.93990609218105	18.269052603359707	19.06383918187445	31.726019404462	0.0011827181227897956
136.0	31.11709104784921	18.721927641882168	19.101525546342742	31.059455763925875	0.0
137.0	31.15439334735998	18.484320208395953	18.76725778980062	31.593227131549945	8.015228934976455E-4
138.0	30.91425661585218	18.662603663169467	20.097318094375918	30.325417481692234	4.0414491019900097E-4
139.0	29.91613213467761	20.383395955759497	19.40982778153603	30.290236606815384	4.075212114790575E-4
140.0	28.71818051075545	18.87001006718304	17.415404844575022	34.995582766626256	8.21810860230518E-4
141.0	31.292950967031057	18.10040222195527	18.774776416786448	31.831456159463816	4.142347634098149E-4
142.0	33.57576162424172	18.408406778528814	18.391706781451315	29.624124815778156	0.0
143.0	34.82593977364592	17.930645378604147	17.68054432767448	29.561186337914307	0.0016841821611425492
144.0	35.2543365852416	17.410445163317117	17.528889341722067	29.800810005349092	0.005518904370123198
145.0	29.938073335560293	19.88976539815505	17.637536295192334	32.53119887624089	0.003426094851435962
146.0	29.503199584918715	19.042718782428224	19.33586994119682	32.118211691456246	0.0
147.0	29.193336813796673	19.138014995239956	23.007910011011717	28.660738179951657	0.0
148.0	30.503613369467026	19.477868112014455	23.830171635049684	26.186991869918696	0.0013550135501355014
149.0	29.10029310564547	21.714324925743302	23.94643714893492	25.238454676456463	4.901432198488398E-4
150.0	8.797098766470896	30.28120424751359	29.42631640947108	31.488649176244888	0.006731400299547313
