#Position (bp)	mapping quality
38.0	59.998106456981695
113.0	59.9962570570071
188.0	59.997038426417234
263.0	59.99720897778811
338.0	59.998780264682566
413.0	59.987358122406356
488.0	59.958505548865816
563.0	59.99553946458707
638.0	59.97741457774051
713.0	59.989937139795344
788.0	60.0
863.0	59.99922292374939
938.0	59.99830476150113
1013.0	59.99755803731319
1088.0	59.998434707746895
1163.0	59.986455262528885
1238.0	59.996472824418504
1313.0	59.96746426777479
1388.0	59.9830926157797
1463.0	60.0
1538.0	59.99744702578504
1613.0	59.983901055375256
1688.0	59.96067395374117
1763.0	59.99095956142283
1838.0	59.991917982488964
1913.0	59.997793657992474
1988.0	59.998312489453056
2063.0	59.997318076166636
2138.0	59.9910175685791
2213.0	59.99855593350876
2288.0	59.995516365266774
2363.0	59.99490941366888
2438.0	59.9841755198589
2513.0	59.99367616200523
2588.0	59.998639517482204
2663.0	59.99020929635336
2738.0	59.996168234665376
2813.0	59.992664319248824
2888.0	59.99839488503364
2963.0	59.998034870137666
3038.0	59.9897240043412
3113.0	59.99424862148391
3188.0	59.96344963354759
3263.0	59.9988205692719
3338.0	59.99750262224664
3413.0	59.99682015717509
3488.0	59.99824777869445
3563.0	59.991603487022445
3638.0	59.99332697807436
3713.0	59.995665627219864
3788.0	59.98303870043001
3863.0	59.99690597250441
3938.0	59.992727625327255
4013.0	59.98768142577563
4088.0	59.985729520711374
4163.0	59.989373148603235
4238.0	59.996334960203775
4313.0	59.997436390437734
4388.0	59.996596130935494
4463.0	59.996562031457415
4538.0	59.99468132257778
4613.0	59.98188502317652
4688.0	59.985740246415496
4763.0	59.98388605402803
4838.0	59.994418280132564
4913.0	59.99564921307506
4988.0	59.990166433119455
5063.0	59.98722952677303
5138.0	59.99532435515065
5213.0	59.99433891055479
5288.0	59.99492569771657
5363.0	59.98601852545377
5438.0	59.99671634711859
5513.0	59.98262617560486
5588.0	59.99301226279373
5663.0	59.97944333866284
5738.0	59.998848395199
5813.0	59.98906279776947
5888.0	59.997624154429964
5963.0	59.998334917474345
6038.0	59.99276431135725
6113.0	59.984503266878875
6188.0	59.99685833718769
6263.0	59.99719660555656
6338.0	59.99731500075516
6413.0	59.99727624692767
6488.0	59.98496271577473
6563.0	59.98006953517727
6638.0	59.98760497040686
6713.0	59.988025581711796
6788.0	59.9987605610527
6863.0	59.99248346361996
6938.0	59.99841667766196
7013.0	59.9928051802702
7088.0	59.98846212236223
7163.0	59.96299747464517
7238.0	59.97131542874549
7313.0	59.99324341232702
7388.0	59.99765539519616
7463.0	59.97050958438508
7538.0	59.99915947551272
7613.0	59.981960950764005
7688.0	59.99736573479535
7763.0	59.99626065712719
7838.0	59.99106009920406
7913.0	59.99913239632136
7988.0	59.99853298940085
8063.0	59.99801849405548
8138.0	59.99051386903377
8213.0	59.993373990440084
8288.0	59.99458087591109
8363.0	59.972970453909966
8438.0	59.979590551181104
8513.0	59.99764644351465
8588.0	59.9777183600713
8663.0	59.99202226168881
8738.0	59.991694926984565
8813.0	59.9970768496234
8888.0	59.996020428467205
8963.0	59.99635466663426
9038.0	59.98733679751976
9113.0	59.99815481132946
9188.0	59.991033041640314
9263.0	59.99924674215984
9338.0	59.995404200560685
9413.0	59.99863634814032
9488.0	59.97908398584147
9563.0	59.91691040855488
9638.0	59.99037819056528
9713.0	60.0
9788.0	59.99792978521521
9863.0	59.9903536977492
9938.0	59.98549691967185
10013.0	59.99746189825838
10088.0	59.99717733399196
10163.0	59.99803046218487
10238.0	59.99962640564875
10313.0	59.98976358761882
10388.0	59.98976065531806
10463.0	59.994263288960745
10538.0	59.99542583698387
10613.0	59.99572289547016
10688.0	59.992532876087225
10763.0	59.999174679156525
10838.0	59.99459576105007
10913.0	59.997021386445326
10988.0	59.99882849109653
11063.0	59.95663545322727
11138.0	59.99210419759752
11213.0	59.98632667680436
11288.0	59.98910110026988
11363.0	59.99555199715328
11438.0	59.99094808377897
11513.0	59.988121052135384
11588.0	59.98694298436506
11663.0	59.981362118505864
11738.0	59.987350845385166
11813.0	59.997008202511445
11888.0	59.992520636658
11963.0	59.98115154433515
12038.0	59.99741012783897
12113.0	59.99383821901708
12188.0	59.99501747657837
12263.0	59.99892913235924
12338.0	59.99878828677213
12413.0	60.0
12488.0	59.98650810336475
12563.0	59.99899489069436
12638.0	59.99349746361909
12713.0	59.99773677783174
12788.0	59.99723565998618
12863.0	60.0
12938.0	59.985094003942876
13013.0	59.99860796399267
13088.0	59.96627728167912
13163.0	59.987207814862195
13238.0	60.0
13313.0	59.99774943735934
13388.0	59.99751707014277
13463.0	59.99394122993032
13538.0	59.98867968858464
13613.0	59.999155940071745
13688.0	59.99730511489194
13763.0	59.997721991890295
13838.0	59.996808631890886
13913.0	59.98658372972314
13988.0	59.987273828217205
14063.0	59.99709644637298
14138.0	59.977223803902504
14213.0	59.989022543463456
14288.0	59.992339455540815
14363.0	59.99579920184835
14438.0	59.982090315978
14513.0	59.996903097934364
14588.0	59.991795605389655
14663.0	59.996748554913296
14738.0	59.996219638975525
14813.0	59.99504739369093
14888.0	59.99565920503873
14963.0	59.99807496925298
15038.0	59.99068982572518
15113.0	59.99864811073475
15188.0	59.992414185473166
15263.0	59.996387500752604
15338.0	59.996543152973715
15413.0	59.99354546088898
15488.0	59.974879982136876
15563.0	59.96922065742752
15638.0	59.99651567944251
15713.0	59.982839246642925
15788.0	59.99839278897989
15863.0	59.995692464021026
15938.0	59.99794926481143
16013.0	59.99083837364166
16088.0	59.991067523936245
16163.0	59.97552831871254
16238.0	59.99749788884371
16313.0	59.999492909180034
16388.0	59.99952986530641
16463.0	59.9863338047641
16538.0	59.99296017364905
16613.0	59.99688823580257
16688.0	59.99794042684653
16763.0	59.997291758822094
16838.0	59.98472639174172
16913.0	59.99242939249737
16988.0	59.99629595332901
17063.0	59.996264309030586
17138.0	59.99746839003671
17213.0	59.97353568631687
17288.0	59.99577754710674
17363.0	59.99863315621316
17438.0	59.99905401570334
17513.0	59.99232162651742
17588.0	59.99462561925957
17663.0	59.99261203973667
17738.0	59.99486614909844
17813.0	59.99674671553823
17888.0	59.99045293767803
17963.0	59.991434856241845
18038.0	59.9970097018562
18113.0	59.997387588557636
18188.0	59.99080797867451
18263.0	59.99587212768885
18338.0	59.99426799335675
18413.0	59.996427153632396
18488.0	59.99413524133482
18563.0	59.99597387492172
18638.0	59.993635420269804
18713.0	59.9770439458869
18788.0	59.98973286065748
18863.0	59.99634012443577
18938.0	59.988246507994525
19013.0	59.982349433512226
19088.0	59.98403364617002
19163.0	59.9675024373172
19238.0	59.99772388441885
19313.0	59.98837842745596
19388.0	59.97911227154047
19463.0	59.999497575803254
19538.0	59.99020018837415
19613.0	59.99483648881239
19688.0	59.99467071955155
19763.0	59.995927260879306
19838.0	59.99529793964264
19913.0	59.98111191666349
19988.0	59.97208126615231
20063.0	59.99437371753856
20138.0	59.99557522123894
20213.0	59.998704299565944
20288.0	59.983233837164995
20363.0	59.993611626839154
20438.0	59.97339333519471
20513.0	59.960612413442604
20588.0	59.98335793853174
20663.0	59.99494533473116
20738.0	59.980888586133815
20813.0	59.9945351636198
20888.0	59.998500506079196
20963.0	59.99620353282362
21038.0	59.994157045629144
21113.0	59.99614441904657
21188.0	59.99857207453771
21263.0	59.99188614103212
21338.0	59.96494803342164
21413.0	60.0
21488.0	59.98833041593732
21563.0	59.983790563792496
21638.0	59.994492920343156
21713.0	59.99379270037687
21788.0	59.99701883294954
21863.0	59.987483943216624
21938.0	59.98993546114459
22013.0	59.98603468054332
22088.0	59.99199505148637
22163.0	59.983598875351454
22238.0	59.99401330756205
22313.0	59.97748280616449
22388.0	59.991235641723655
22463.0	59.995060566858754
22538.0	59.98795169016411
22613.0	59.99746318982739
22688.0	59.99638406094063
22763.0	59.9956331348027
22838.0	59.98546687658956
22913.0	59.990272249030426
22988.0	59.963740123819235
23063.0	59.992115885171074
23138.0	59.98592497163843
23213.0	59.98622147948569
23288.0	59.99370834692641
23363.0	59.99196787148595
23438.0	59.99805015013844
23513.0	59.997605950921994
23588.0	59.98564432543601
23663.0	59.99888699265415
23738.0	59.99247940382183
23813.0	59.99511892916815
23888.0	59.955345274304385
23963.0	59.966529961430446
24038.0	59.993575512709775
24113.0	59.99762170732586
24188.0	59.95707662655623
24263.0	59.98795097926927
24338.0	59.99297071129707
24413.0	59.978759499606916
24488.0	59.99508738317183
24563.0	59.99394117257245
24638.0	59.99024768880176
24713.0	59.991053281597964
24788.0	59.98365768293181
24863.0	59.96312545420289
24938.0	59.99746040345724
25013.0	59.99377903118779
25088.0	59.995592826100264
25163.0	59.99713699479887
25238.0	59.99117161907859
25313.0	59.998645001750205
25388.0	59.99529043706426
25463.0	59.993463926642185
25538.0	59.99336650082919
25613.0	59.965848214285714
25688.0	59.967018632011616
25763.0	59.97789948297696
25838.0	59.99733629300777
25913.0	59.99699036918138
25988.0	59.992611386532765
26063.0	59.99937201050836
26138.0	59.997589606382725
26213.0	59.9976202437928
26288.0	59.99761826000662
26363.0	59.99375495400283
26438.0	59.99868386417478
26513.0	59.9945350214045
26588.0	59.96493096595706
26663.0	59.99113312030516
26738.0	59.997161756242164
26813.0	59.98187560071399
26888.0	59.985662784536586
26963.0	59.99698818700012
27038.0	59.99349388740228
27113.0	59.98574660633484
27188.0	59.998104544880164
27263.0	59.98823557092774
27338.0	59.99778543307087
27413.0	59.99766934174442
27488.0	59.9952167096277
27563.0	59.99110280706437
27638.0	59.99674164087132
27713.0	59.985114106102074
27788.0	59.98751020253213
27863.0	59.99424025342885
27938.0	59.994826865810225
28013.0	59.9971322053341
28088.0	59.98800561842084
28163.0	59.99261927492399
28238.0	59.99048358418271
28313.0	59.997611274783026
28388.0	59.99634068246272
28463.0	59.99825694558765
28538.0	59.98625015076589
28613.0	59.99581693027752
28688.0	59.996383329933046
28763.0	59.99877911472252
28838.0	59.99856252994729
28913.0	59.99113054438229
28988.0	59.9923671000811
29063.0	59.97847456410992
29138.0	59.996845110710325
29213.0	59.99287580147234
29288.0	59.98943658765356
29363.0	59.9667303898728
29438.0	59.987958746557716
29513.0	59.9930579961038
29588.0	59.99092098010181
29663.0	59.980402463981875
29738.0	59.987679933983046
29813.0	59.998659427575575
29877.0	3.3096003455953094
