#Coverage	Number of genomic locations
0.0	1597.0
1.0	2864.0
2.0	4167.0
3.0	3530.0
4.0	3908.0
5.0	2761.0
6.0	2793.0
7.0	1839.0
8.0	1960.0
9.0	1366.0
10.0	967.0
11.0	664.0
12.0	601.0
13.0	225.0
14.0	152.0
15.0	144.0
16.0	54.0
17.0	43.0
18.0	83.0
19.0	51.0
20.0	40.0
21.0	22.0
22.0	13.0
23.0	21.0
24.0	2.0
39.0	1.0
1856.0	1.0
3006.0	1.0
11530.0	1.0
11826.0	1.0
11918.0	1.0
12010.0	1.0
12103.0	1.0
12211.0	1.0
12315.0	1.0
12466.0	1.0
12640.0	1.0
12811.0	1.0
13010.0	1.0
13208.0	1.0
13410.0	1.0
13429.0	1.0
13438.0	1.0
13462.0	1.0
13497.0	1.0
13530.0	1.0
13561.0	1.0
13564.0	1.0
13595.0	1.0
13619.0	1.0
13660.0	1.0
13694.0	1.0
13732.0	1.0
13734.0	1.0
13784.0	1.0
13842.0	1.0
13881.0	1.0
13889.0	1.0
13908.0	1.0
13910.0	2.0
