# Position (bp)	A	C	G	T	N
0.0	90.28504944735312	3.9848749272833044	3.587356990498352	2.142718634865232	0.0
1.0	91.10120201628537	2.5785188057386588	2.1132221791392016	4.207056998836759	0.0
2.0	91.83987682832948	2.75211701308699	1.8668206312548115	3.541185527328714	0.0
3.0	93.11300028656032	2.110994364313688	1.9390581717451523	2.8369471773808383	0.0
4.0	93.24709910595396	1.7976031957390146	1.9592923720753281	2.9960053262316912	0.0
5.0	93.04282068248416	2.0984970224028734	1.8432744115700919	3.015407883542868	0.0
6.0	91.76371149511645	2.37603305785124	1.7374154770848984	4.1228399699474085	0.0
7.0	92.25957049486462	2.4369747899159666	1.9514472455648926	3.3520074696545286	0.0
8.0	92.46842496285291	1.978083209509658	1.9130757800891531	3.6404160475482916	0.0
9.0	93.38621898348862	1.7064846416382253	2.04778156996587	2.8595148049072967	0.0
10.0	92.7924631848532	2.268361840300009	2.1494557760907345	2.78971919875606	0.0
11.0	92.65588074895473	2.1723323032175967	1.790583530267224	3.3812034175604437	0.0
12.0	92.89962155343305	2.0814561182194993	1.8561903045593802	3.1627320237880703	0.0
13.0	93.39774557165862	2.0307747360887456	1.75344426552156	2.818035426731079	0.0
14.0	92.97388523716468	1.7498667614141057	2.087404512346776	3.188843489074436	0.0
15.0	93.16720965043585	1.7081975873910364	2.0604032755128996	3.0641894866602093	0.0
16.0	92.83717679944094	2.0877009084556253	1.773235499650594	3.30188679245283	0.0
17.0	93.03879871538929	2.0484332957208577	2.05711309782137	2.855654891068484	0.0
18.0	93.38222605694564	1.9585849870578085	1.82916307161346	2.830025884383089	0.0
19.0	93.09688581314879	2.1539792387543253	2.041522491349481	2.7076124567474045	0.0
20.0	93.17491978145867	2.029312288613303	1.7171103980574105	3.0786575318706095	0.0
21.0	93.21708805579773	1.8134263295553616	1.9006102877070619	3.068875326939843	0.0
22.0	93.03647974805354	1.9158428833872803	2.2220278190884435	2.8256495494707377	0.0
23.0	93.09161313033529	1.8129015224852594	1.9889113790372261	3.106573968142216	0.0
24.0	92.96744021882996	2.011823877172858	2.170652078002294	2.8500838259948824	0.0
25.0	93.01298471866443	2.155286635456232	1.9697906545358184	2.861937991343521	0.0
26.0	93.1321355872201	1.7789184883618019	1.8320205327905126	3.2569253916275778	0.0
27.0	92.86473087818698	1.8059490084985836	2.2131728045325776	3.1161473087818696	0.0
28.0	92.82995485527131	1.7615296096308755	1.8943082234221476	3.5142073116756665	0.0
29.0	93.11837455830388	2.040636042402827	2.067137809187279	2.7738515901060072	0.0
30.0	92.96681962583834	1.941404871161313	2.1178962230850686	2.973879279915284	0.0
31.0	93.04600740349022	1.639344262295082	1.974264057817733	3.340384276396968	0.0
32.0	92.11800573888091	1.9727403156384504	2.385222381635581	3.52403156384505	0.0
33.0	82.99034019319613	4.745905081898362	4.703905921881563	7.55984880302394	0.0
34.0	83.42820999367488	4.828167826270293	4.7860004216740455	6.957621758380772	0.0
35.0	76.40179910044978	6.4167916041979005	7.256371814092953	9.92503748125937	0.0
36.0	76.2929745889387	6.666666666666667	6.965620328849028	10.07473841554559	0.0
37.0	76.21733966745843	7.066508313539193	6.532066508313539	10.184085510688837	0.0
38.0	76.89360447981137	7.043913940465664	6.10079575596817	9.961685823754788	0.0
39.0	77.68619370032381	6.24080070650574	6.652929055048571	9.420076538121872	0.0
40.0	76.92307692307693	5.621301775147929	6.568047337278106	10.88757396449704	0.0
41.0	77.55528989838614	5.618649133293484	6.545128511655708	10.280932456664674	0.0
42.0	76.15315043714199	6.6023515224600535	7.506783237865541	9.737714802532409	0.0
43.0	75.73170731707317	7.103658536585365	7.103658536585365	10.060975609756099	0.0
44.0	75.83025830258303	7.072570725707257	6.088560885608856	11.00861008610086	0.0
45.0	73.95377888819488	7.432854465958775	7.432854465958775	11.180512179887572	0.0
46.0	75.11068943706515	6.546489563567362	6.8943706514864	11.448450347881089	0.0
47.0	74.7996152613017	7.0214812439884575	6.219942289195255	11.958961205514589	0.0
48.0	73.80796864794252	7.413455258001306	7.119529719137818	11.659046374918354	0.0
49.0	74.27055702917772	6.299734748010611	6.13395225464191	13.295755968169761	0.0
50.0	72.6936026936027	7.5420875420875415	7.23905723905724	12.525252525252526	0.0
51.0	72.70251872021784	7.079646017699115	7.3859768550034035	12.831858407079647	0.0
52.0	73.3103448275862	7.448275862068964	7.931034482758621	11.310344827586206	0.0
53.0	71.75974710221286	8.113804004214963	6.2873199859501225	13.839128907622058	0.0
54.0	72.46170288564304	8.692554328464553	7.30317064481653	11.542572141075881	0.0
55.0	71.40778464896326	8.075663877773735	9.16696980720262	11.349581666060386	0.0
56.0	71.05457227138643	7.853982300884955	7.558997050147492	13.532448377581122	0.0
57.0	70.52434456928839	7.827715355805244	7.865168539325842	13.782771535580524	0.0
58.0	70.36042944785275	8.243865030674847	8.358895705521473	13.03680981595092	0.0
59.0	69.34477379095163	8.424336973478939	8.580343213728549	13.650546021840873	0.0
60.0	69.15739268680446	7.790143084260731	8.426073131955485	14.626391096979333	0.0
61.0	69.56345998383185	8.609539207760712	7.88197251414713	13.945028294260306	0.0
62.0	67.22723543888434	8.81870385561936	8.40853158326497	15.545529122231338	0.0
63.0	67.0421360033375	9.094701710471423	8.927826449728828	14.935335836462244	0.0
64.0	66.27068307170131	9.75816716164616	8.782350445481544	15.188799321170979	0.0
65.0	66.30762602326583	8.660060318828092	8.83239982766049	16.19991383024558	0.0
66.0	67.13225665648189	8.642514185945002	10.082933216935835	14.142295940637275	0.0
67.0	67.5232609658839	8.994240141781125	9.392999556933983	14.089499335400973	0.0
68.0	66.18705035971223	10.341726618705035	9.352517985611511	14.118705035971225	0.0
69.0	66.31530705774519	7.974335472043996	10.449129239230064	15.261228230980754	0.0
70.0	64.55223880597015	8.582089552238806	10.354477611940299	16.511194029850746	0.0
71.0	64.3465909090909	9.801136363636363	10.132575757575758	15.719696969696969	0.0
72.0	63.56663470757431	9.587727708533079	10.450623202301054	16.39501438159156	0.0
73.0	63.60116166505324	10.116166505324298	10.69699903194579	15.58567279767667	0.0
74.0	61.714564052605944	10.521188504627373	10.569897710667316	17.19434973209937	0.0
75.0	61.655239960822726	11.312438785504407	9.990205680705191	17.042115572967678	0.0
76.0	62.55550074000986	11.198815984213123	9.176122348297977	17.06956092747903	0.0
77.0	62.07753479125249	10.58648111332008	9.791252485089464	17.544731610337973	0.0
78.0	62.27937468482098	10.892586989409985	10.64044377206253	16.187594553706504	0.0
79.0	61.29856850715747	12.116564417177914	10.685071574642127	15.899795501022496	0.0
80.0	62.16494845360825	10.103092783505154	10.56701030927835	17.164948453608247	0.0
81.0	61.93952033368092	11.001042752867571	11.001042752867571	16.05839416058394	0.0
82.0	59.97893628225381	12.743549236440233	10.479199578725645	16.798314902580305	0.0
83.0	60.78849227490677	10.54874800213106	10.335641981885988	18.327117741076187	0.0
84.0	59.79547900968784	11.302475780409042	11.194833153928956	17.707212055974168	0.0
85.0	59.3715545755237	12.183020948180816	10.63947078280044	17.805953693495038	0.0
86.0	60.168067226890756	11.204481792717088	10.476190476190476	18.15126050420168	0.0
87.0	59.705715902659875	11.601584606677985	10.75268817204301	17.940011318619128	0.0
88.0	61.380490587564175	12.093553907586994	9.526525955504848	16.99942954934398	0.0
89.0	60.45296167247387	10.511033681765388	11.091753774680605	17.94425087108014	0.0
90.0	59.39893930465527	10.960518562168533	12.905126694166174	16.73541543901002	0.0
91.0	59.523809523809526	11.607142857142858	11.071428571428571	17.797619047619047	0.0
92.0	56.867469879518076	12.228915662650602	12.831325301204819	18.072289156626507	0.0
93.0	57.888275015346835	12.277470841006753	11.295273173726212	18.538980969920196	0.0
94.0	58.57585139318885	12.38390092879257	11.455108359133128	17.58513931888545	0.0
95.0	58.38587641866331	10.151324085750316	11.538461538461538	19.924337957124845	0.0
96.0	58.08306709265175	10.60702875399361	12.140575079872203	19.169329073482427	0.0
97.0	58.05825242718446	10.355987055016183	12.297734627831716	19.28802588996764	0.0
98.0	55.57020435069215	12.524719841793013	14.238628872775214	17.666446934739618	0.0
99.0	55.570380253502336	12.741827885256837	14.076050700466977	17.61174116077385	0.0
100.0	53.872282608695656	12.5	14.402173913043478	19.22554347826087	0.0
101.0	56.829100892244334	13.109128345916265	10.706932052161978	19.35483870967742	0.0
102.0	54.6583850931677	13.112491373360937	12.008281573498964	20.220841959972393	0.0
103.0	53.224663359319635	14.953933380581146	12.189936215450036	19.631467044649185	0.0
104.0	54.10071942446043	14.100719424460431	11.654676258992806	20.14388489208633	0.0
105.0	51.29124820659972	12.625538020086083	13.558106169296988	22.525107604017215	0.0
106.0	51.007194244604314	14.892086330935253	12.446043165467625	21.654676258992804	0.0
107.0	54.54545454545454	13.309090909090909	12.945454545454545	19.2	0.0
108.0	52.54988913525499	12.78640059127864	14.116777531411678	20.546932742054693	0.0
109.0	51.38576779026217	13.558052434456929	14.307116104868914	20.749063670411985	0.0
110.0	51.558935361216726	13.612167300380229	15.741444866920151	19.08745247148289	0.0
111.0	51.78571428571429	13.975155279503104	14.596273291925465	19.642857142857142	0.0
112.0	52.13607594936709	13.528481012658228	13.212025316455698	21.123417721518987	0.0
113.0	51.84294871794872	12.099358974358974	15.064102564102564	20.993589743589745	0.0
114.0	50.44824775876121	13.039934800325998	14.343928280358597	22.167889160554196	0.0
115.0	51.61290322580645	14.474772539288669	14.474772539288669	19.43755169561621	0.0
116.0	50.7870753935377	14.664457332228666	12.924606462303231	21.623860811930406	0.0
117.0	50.86992543496272	13.338856669428335	13.835956917978459	21.955260977630488	0.0
118.0	50.836120401337794	11.454849498327759	14.715719063545151	22.9933110367893	0.0
119.0	51.88916876574308	14.693534844668346	14.189756507136861	19.227539882451723	0.0
120.0	52.70727580372251	11.336717428087987	12.859560067681894	23.096446700507613	0.0
121.0	53.03159692570453	13.407344150298888	12.980358667805294	20.58070025619129	0.0
122.0	51.886792452830186	13.379073756432247	14.837049742710121	19.897084048027445	0.0
123.0	50.87565674255692	14.535901926444833	14.886164623467602	19.702276707530647	0.0
124.0	51.52571926765476	15.605928509154316	12.380122057541412	20.488230165649522	0.0
125.0	52.28070175438596	13.596491228070176	11.929824561403509	22.19298245614035	0.0
126.0	52.772808586762075	16.100178890876567	12.790697674418606	18.336314847942756	0.0
127.0	52.589285714285715	13.928571428571429	12.410714285714286	21.071428571428573	0.0
128.0	52.05855443732845	13.266239707227815	14.547118023787739	20.128087831655993	0.0
129.0	50.32258064516129	15.483870967741936	12.811059907834101	21.382488479262673	0.0
130.0	51.76908752327747	15.083798882681565	13.40782122905028	19.73929236499069	0.0
131.0	51.30353817504656	13.687150837988826	11.452513966480447	23.556797020484172	0.0
132.0	52.646502835538755	14.177693761814744	12.287334593572778	20.888468809073725	0.0
133.0	52.74831243972999	11.571841851494696	13.789778206364515	21.8900675024108	0.0
134.0	52.77777777777778	12.996031746031747	12.797619047619047	21.428571428571427	0.0
135.0	50.758341759352874	12.032355915065724	15.57128412537917	21.638018200202225	0.0
136.0	50.72314049586777	15.082644628099173	13.119834710743802	21.074380165289256	0.0
137.0	48.73684210526316	14.210526315789473	16.42105263157895	20.63157894736842	0.0
138.0	49.891540130151846	14.425162689804772	14.099783080260304	21.58351409978308	0.0
139.0	47.40331491712707	16.795580110497237	14.475138121546962	21.325966850828728	0.0
140.0	48.63945578231292	14.852607709750568	13.718820861678005	22.789115646258505	0.0
141.0	47.2027972027972	13.752913752913754	13.86946386946387	25.174825174825177	0.0
142.0	50.355450236966824	13.151658767772512	14.099526066350712	22.393364928909953	0.0
143.0	50.12224938875306	13.93643031784841	13.691931540342297	22.249388753056234	0.0
144.0	50.37220843672456	13.027295285359802	13.151364764267989	23.449131513647643	0.0
145.0	43.72623574144487	15.335868187579212	15.716096324461343	25.221799746514574	0.0
146.0	44.24320827943079	14.877102199223804	16.30012936610608	24.579560155239328	0.0
147.0	44.96021220159151	12.9973474801061	19.49602122015915	22.546419098143236	0.0
148.0	44.428969359331475	12.534818941504177	21.309192200557103	21.72701949860724	0.0
149.0	40.40880503144654	18.39622641509434	19.654088050314467	21.540880503144656	0.0
150.0	7.000000000000001	28.000000000000004	31.666666666666664	33.33333333333333	0.0
