# Position (bp)	A	C	G	T	N
0.0	95.55933025964572	2.353797621936423	0.46105314244115503	1.6258189759767048	0.0
1.0	96.56091063211431	2.325018164204408	0.2664083313150884	0.8476628723661903	0.0
2.0	97.14218786601077	2.2956195830405246	0.14054813773717498	0.4216444132115249	0.0
3.0	98.7087848743371	0.853124279455845	0.1383444777495965	0.29974636845745906	0.0
4.0	99.08904577544978	0.5237986791163743	0.13664313368253245	0.2505124117513095	0.0
5.0	98.87311246337616	0.6085192697768762	0.1803020058598152	0.3380662609871535	0.0
6.0	98.97068695457597	0.5146565227120161	0.13425822331617812	0.380398299395838	0.0
7.0	98.88790035587188	0.556049822064057	0.1779359430604982	0.3781138790035587	0.0
8.0	98.93899204244032	0.5968169761273209	0.1989389920424403	0.2652519893899204	0.0
9.0	99.2748846407383	0.2856515051637003	0.2856515051637003	0.15381234893430015	0.0
10.0	99.14679501203237	0.3500328155764603	0.1968934587617589	0.3062787136294028	0.0
11.0	99.06358885017421	0.1524390243902439	0.28310104529616725	0.5008710801393728	0.0
12.0	99.13438649642934	0.2164033758926639	0.30296472624972953	0.34624540142826227	0.0
13.0	99.39771993977199	0.08604000860400086	0.08604000860400086	0.43020004302000436	0.0
14.0	99.10313901345292	0.25624599615631005	0.3416613282084134	0.29895366218236175	0.0
15.0	99.23420548819401	0.2339927674962774	0.17017655817911082	0.3616251861306105	0.0
16.0	99.11148720118469	0.2750158662999788	0.21155066638459913	0.40194626613073836	0.0
17.0	99.03014969428632	0.2530044275774826	0.3373392367699768	0.3795066413662239	0.0
18.0	98.57142857142858	0.33613445378151263	0.7983193277310924	0.29411764705882354	0.0
19.0	98.70500438981563	0.35118525021949076	0.6145741878841089	0.3292361720807726	0.0
20.0	98.64709928915386	0.343957807842238	0.5961935335932126	0.41274936941068563	0.0
21.0	98.56027330405077	0.43923865300146414	0.7808687164470474	0.21961932650073207	0.0
22.0	98.7086776859504	0.3615702479338843	0.46487603305785125	0.46487603305785125	0.0
23.0	98.41008771929825	0.6304824561403508	0.575657894736842	0.3837719298245614	0.0
24.0	98.51398601398601	0.3787878787878788	0.641025641025641	0.4662004662004662	0.0
25.0	98.13910921293471	0.7016473459426479	0.6711409395973155	0.4881025015253203	0.0
26.0	97.75458570524984	1.2017710309930425	0.6008855154965212	0.4427577482605946	0.0
27.0	98.43188500490035	0.7513884351519112	0.42469781117281935	0.3920287487749101	0.0
28.0	98.08467741935483	0.8736559139784945	0.5040322580645161	0.5376344086021506	0.0
29.0	98.28119628738398	0.790649707803369	0.37813681677552424	0.5500171880371262	0.0
30.0	98.13773717498243	0.8432888264230498	0.35137034434293746	0.6676036542515812	0.0
31.0	97.83380681818183	0.9232954545454546	0.390625	0.8522727272727272	0.0
32.0	97.91666666666666	0.9868421052631579	0.4751461988304093	0.6213450292397661	0.0
33.0	94.95967741935483	2.4193548387096775	0.6048387096774194	2.0161290322580645	0.0
34.0	94.03905447070915	2.877697841726619	0.7194244604316548	2.36382322713258	0.0
35.0	93.60222531293462	2.086230876216968	0.8344923504867872	3.477051460361613	0.0
36.0	93.23204419889503	2.3480662983425415	1.1049723756906076	3.314917127071823	0.0
37.0	93.66391184573003	3.0303030303030303	0.9641873278236914	2.3415977961432506	0.0
38.0	91.8010752688172	4.56989247311828	1.3440860215053763	2.28494623655914	0.0
39.0	94.48094612352168	2.759526938239159	1.1826544021024967	1.5768725361366622	0.0
40.0	93.21148825065274	4.569190600522193	0.9138381201044387	1.3054830287206265	0.0
41.0	94.07979407979408	3.474903474903475	1.1583011583011582	1.287001287001287	0.0
42.0	93.23116219667943	3.4482758620689653	1.7879948914431671	1.532567049808429	0.0
43.0	93.71069182389937	4.40251572327044	0.628930817610063	1.257861635220126	0.0
44.0	92.68897149938043	2.478314745972739	2.6022304832713754	2.2304832713754648	0.0
45.0	93.16770186335404	2.981366459627329	0.8695652173913043	2.981366459627329	0.0
46.0	92.74092615769712	2.8785982478097623	2.127659574468085	2.252816020025031	0.0
47.0	91.93954659949623	4.282115869017632	0.7556675062972292	3.022670025188917	0.0
48.0	93.01143583227446	2.7954256670902162	1.6518424396442184	2.5412960609911055	0.0
49.0	93.43629343629344	2.0592020592020592	1.9305019305019304	2.574002574002574	0.0
50.0	93.48958333333334	3.515625	0.9114583333333334	2.083333333333333	0.0
51.0	91.5549597855228	4.1554959785522785	1.0723860589812333	3.2171581769436997	0.0
52.0	90.93333333333334	4.8	1.6	2.666666666666667	0.0
53.0	91.699604743083	4.3478260869565215	1.4492753623188406	2.503293807641634	0.0
54.0	92.41830065359477	3.3986928104575163	1.9607843137254901	2.2222222222222223	0.0
55.0	93.0171277997365	4.084321475625823	0.922266139657444	1.9762845849802373	0.0
56.0	93.17269076305222	2.677376171352075	1.6064257028112447	2.5435073627844713	0.0
57.0	92.85714285714286	3.0997304582210243	1.6172506738544474	2.4258760107816713	0.0
58.0	93.53507565337001	2.7510316368638237	1.1004126547455295	2.613480055020633	0.0
59.0	93.04229195088676	3.0013642564802185	1.5006821282401093	2.455661664392906	0.0
60.0	93.50828729281768	2.6243093922651934	1.6574585635359116	2.209944751381215	0.0
61.0	92.0	3.2857142857142856	1.7142857142857144	3.0	0.0
62.0	90.89595375722543	4.335260115606936	1.5895953757225432	3.1791907514450863	0.0
63.0	91.70243204577969	4.148783977110158	0.8583690987124464	3.290414878397711	0.0
64.0	90.13062409288824	5.515239477503629	1.5965166908563133	2.7576197387518144	0.0
65.0	92.85714285714286	3.061224489795918	2.186588921282799	1.8950437317784257	0.0
66.0	93.22289156626506	3.313253012048193	1.2048192771084338	2.2590361445783134	0.0
67.0	91.93548387096774	4.545454545454546	1.7595307917888565	1.7595307917888565	0.0
68.0	92.76218611521418	4.13589364844904	1.4771048744460855	1.6248153618906942	0.0
69.0	91.04258443465491	5.4331864904552125	1.4684287812041115	2.0558002936857562	0.0
70.0	89.1583452211127	6.562054208273895	1.9971469329529243	2.282453637660485	0.0
71.0	93.90070921985816	3.2624113475177303	1.1347517730496455	1.702127659574468	0.0
72.0	93.0	2.7142857142857144	1.7142857142857144	2.571428571428571	0.0
73.0	92.5035360678925	3.3946251768033946	2.6874115983026874	1.4144271570014144	0.0
74.0	88.66396761133603	7.96221322537112	1.6194331983805668	1.7543859649122806	0.0
75.0	87.01134930643127	9.079445145018916	1.1349306431273645	2.7742749054224465	0.0
76.0	90.01203369434417	6.618531889290012	1.684717208182912	1.684717208182912	0.0
77.0	92.45508982035928	3.952095808383234	1.7964071856287425	1.7964071856287425	0.0
78.0	94.61722488038278	3.2296650717703352	0.5980861244019139	1.555023923444976	0.0
79.0	94.74969474969474	2.442002442002442	1.098901098901099	1.7094017094017095	0.0
80.0	92.96116504854369	3.640776699029126	0.9708737864077669	2.4271844660194173	0.0
81.0	92.78846153846155	3.6057692307692304	1.9230769230769231	1.6826923076923077	0.0
82.0	91.37115839243499	4.7281323877068555	2.127659574468085	1.773049645390071	0.0
83.0	89.33030646992054	7.491486946651532	0.9080590238365494	2.2701475595913734	0.0
84.0	91.37554585152839	5.895196506550218	0.6550218340611353	2.074235807860262	0.0
85.0	92.46724890829694	4.148471615720524	1.2008733624454149	2.1834061135371177	0.0
86.0	94.40175631174533	2.8540065861690453	0.6586169045005488	2.0856201975850714	0.0
87.0	94.44444444444444	3.3333333333333335	1.4444444444444444	0.7777777777777778	0.0
88.0	94.98886414253897	2.783964365256125	1.2249443207126949	1.0022271714922049	0.0
89.0	95.62780269058297	2.130044843049327	0.672645739910314	1.5695067264573992	0.0
90.0	94.67120181405896	2.494331065759637	1.3605442176870748	1.473922902494331	0.0
91.0	95.4233409610984	1.9450800915331807	0.9153318077803204	1.7162471395881007	0.0
92.0	93.39513325608343	3.1286210892236386	1.1587485515643106	2.317497103128621	0.0
93.0	93.21058688147296	2.761795166858458	2.3014959723820483	1.726121979286536	0.0
94.0	94.97076023391813	2.690058479532164	1.2865497076023393	1.0526315789473684	0.0
95.0	93.6768149882904	2.927400468384075	1.405152224824356	1.9906323185011712	0.0
96.0	94.6795646916566	2.6602176541717046	1.8137847642079807	0.8464328899637243	0.0
97.0	95.05562422744129	1.4833127317676145	2.2249690976514214	1.2360939431396787	0.0
98.0	94.54314720812182	2.1573604060913705	1.1421319796954315	2.1573604060913705	0.0
99.0	95.54390563564876	1.9659239842726082	1.1795543905635648	1.310615989515072	0.0
100.0	95.62243502051983	2.0519835841313268	1.5047879616963065	0.8207934336525308	0.0
101.0	94.85396383866481	1.9471488178025034	1.52990264255911	1.6689847009735743	0.0
102.0	94.87908961593172	2.844950213371266	1.7069701280227598	0.5689900426742532	0.0
103.0	93.5251798561151	3.0215827338129495	1.870503597122302	1.5827338129496402	0.0
104.0	94.17910447761194	2.5373134328358207	1.1940298507462688	2.0895522388059704	0.0
105.0	94.60708782742681	1.078582434514638	3.389830508474576	0.9244992295839755	0.0
106.0	93.17073170731707	2.113821138211382	1.951219512195122	2.7642276422764227	0.0
107.0	93.19727891156462	2.7210884353741496	2.2108843537414966	1.870748299319728	0.0
108.0	92.70462633451957	3.0249110320284696	2.491103202846975	1.7793594306049825	0.0
109.0	93.86617100371747	4.275092936802974	0.7434944237918215	1.1152416356877324	0.0
110.0	93.51145038167938	3.2442748091603053	1.5267175572519083	1.717557251908397	0.0
111.0	93.51669941060904	3.143418467583497	1.9646365422396856	1.37524557956778	0.0
112.0	93.14516129032258	3.024193548387097	1.6129032258064515	2.217741935483871	0.0
113.0	93.51464435146444	3.556485355648536	0.6276150627615062	2.301255230125523	0.0
114.0	90.69767441860465	4.439746300211417	2.1141649048625792	2.748414376321353	0.0
115.0	88.07531380753139	7.740585774058577	1.6736401673640167	2.510460251046025	0.0
116.0	92.10526315789474	4.385964912280701	1.9736842105263157	1.5350877192982455	0.0
117.0	89.97867803837953	7.675906183368871	0.6396588486140725	1.7057569296375266	0.0
118.0	92.0086393088553	4.103671706263499	1.2958963282937366	2.591792656587473	0.0
119.0	92.73504273504274	3.418803418803419	1.7094017094017095	2.1367521367521367	0.0
120.0	92.68817204301075	3.225806451612903	1.935483870967742	2.1505376344086025	0.0
121.0	92.3076923076923	3.205128205128205	1.7094017094017095	2.7777777777777777	0.0
122.0	90.39665970772442	7.306889352818372	0.6263048016701461	1.6701461377870561	0.0
123.0	90.94650205761316	5.967078189300412	0.411522633744856	2.674897119341564	0.0
124.0	89.28571428571429	7.341269841269842	1.7857142857142856	1.5873015873015872	0.0
125.0	91.79389312977099	5.534351145038168	0.5725190839694656	2.099236641221374	0.0
126.0	91.13207547169812	5.283018867924529	1.6981132075471699	1.8867924528301887	0.0
127.0	94.33962264150944	3.7735849056603774	0.18867924528301888	1.6981132075471699	0.0
128.0	92.4812030075188	3.3834586466165413	1.3157894736842104	2.819548872180451	0.0
129.0	90.52823315118397	5.46448087431694	1.639344262295082	2.3679417122040074	0.0
130.0	91.28113879003558	4.804270462633451	1.2455516014234875	2.6690391459074734	0.0
131.0	92.45614035087719	4.035087719298246	1.4035087719298245	2.1052631578947367	0.0
132.0	95.32374100719424	2.338129496402878	1.079136690647482	1.2589928057553956	0.0
133.0	96.88644688644689	0.18315018315018314	1.282051282051282	1.6483516483516485	0.0
134.0	94.86692015209125	2.091254752851711	1.7110266159695817	1.3307984790874523	0.0
135.0	96.23762376237623	1.188118811881188	1.188118811881188	1.3861386138613863	0.0
136.0	96.03340292275574	1.0438413361169103	0.6263048016701461	2.2964509394572024	0.0
137.0	96.25550660792952	0.22026431718061676	1.1013215859030838	2.4229074889867843	0.0
138.0	95.39170506912443	1.1520737327188941	1.8433179723502304	1.6129032258064515	0.0
139.0	96.17224880382776	1.4354066985645932	0.9569377990430622	1.4354066985645932	0.0
140.0	94.0721649484536	1.804123711340206	1.5463917525773196	2.5773195876288657	0.0
141.0	96.73913043478261	1.0869565217391304	1.0869565217391304	1.0869565217391304	0.0
142.0	95.42857142857143	0.8571428571428572	2.2857142857142856	1.4285714285714286	0.0
143.0	94.98432601880877	1.8808777429467085	0.6269592476489028	2.507836990595611	0.0
144.0	92.4092409240924	1.65016501650165	1.9801980198019802	3.9603960396039604	0.0
145.0	93.50180505415162	1.083032490974729	2.527075812274368	2.888086642599278	0.0
146.0	94.18604651162791	0.7751937984496124	1.937984496124031	3.10077519379845	0.0
147.0	92.73504273504274	1.282051282051282	3.418803418803419	2.564102564102564	0.0
148.0	93.13725490196079	0.49019607843137253	3.9215686274509802	2.450980392156863	0.0
149.0	94.04761904761905	1.7857142857142856	2.380952380952381	1.7857142857142856	0.0
150.0	0.0	60.0	20.0	20.0	0.0
