#Position (bp)	insert size
38.0	4343.0526315789475
113.0	152.0
188.0	215.16666666666666
263.0	214.0
338.0	179.6
413.0	201.5
488.0	217.83333333333334
563.0	178.5
638.0	187.5
713.0	220.42857142857142
788.0	151.8
863.0	245.0
938.0	172.66666666666666
1013.0	88.33333333333333
1088.0	99.16666666666667
1163.0	174.55555555555554
1238.0	154.0
1313.0	148.2
1388.0	223.0
1463.0	202.66666666666666
1538.0	247.66666666666666
1613.0	349.0
1688.0	144.27272727272728
1763.0	161.75
1838.0	116.2
1913.0	150.57142857142858
1988.0	165.8
2063.0	255.0
2138.0	185.0
2213.0	202.5
2288.0	135.0
2363.0	193.75
2438.0	117.33333333333333
2513.0	165.0
2588.0	148.0
2663.0	113.6
2738.0	122.0
2813.0	175.0
2888.0	131.5
2963.0	114.6
3038.0	114.0
3113.0	279.25
3188.0	155.25
3263.0	173.0
3338.0	155.0
3413.0	132.66666666666666
3488.0	139.6
3563.0	136.16666666666666
3638.0	133.8
3713.0	211.0
3788.0	191.83333333333334
3863.0	83.0
3938.0	236.33333333333334
4013.0	200.6
4088.0	122.6
4163.0	172.16666666666666
4238.0	185.25
4313.0	202.85714285714286
4388.0	172.25
4463.0	109.5
4538.0	59.333333333333336
4613.0	165.5
4688.0	191.25
4763.0	141.75
4838.0	152.0
4913.0	129.9
4988.0	185.83333333333334
5063.0	145.71428571428572
5138.0	107.33333333333333
5213.0	155.0
5288.0	239.42857142857142
5363.0	148.25
5438.0	181.16666666666666
5513.0	90.75
5588.0	168.33333333333334
5663.0	155.16666666666666
5738.0	175.28571428571428
5813.0	184.64285714285714
5888.0	149.41666666666666
5963.0	188.6
6038.0	194.0
6113.0	132.33333333333334
6188.0	170.375
6263.0	101.0
6338.0	153.6
6413.0	121.5
6488.0	20.0
6563.0	174.75
6638.0	148.66666666666666
6713.0	116.8
6788.0	138.75
6863.0	125.0
6938.0	65.8
7013.0	211.5
7088.0	172.16666666666666
7163.0	96.28571428571429
7238.0	216.66666666666666
7313.0	155.0
7388.0	135.66666666666666
7463.0	94.0
7538.0	144.5
7613.0	191.0
7688.0	180.25
7763.0	200.66666666666666
7838.0	232.75
7913.0	261.0
7988.0	133.0
8063.0	0.0
8138.0	91.625
8213.0	182.5
8288.0	147.25
8363.0	138.85714285714286
8438.0	217.14285714285714
8513.0	121.83333333333333
8588.0	182.42857142857142
8663.0	163.42857142857142
8738.0	195.0
8813.0	205.33333333333334
8888.0	202.16666666666666
8963.0	142.0
9038.0	125.0
9113.0	99.0
9188.0	103.75
9263.0	210.5
9338.0	164.66666666666666
9413.0	126.0
9488.0	184.25
9563.0	130.0
9638.0	153.0
9713.0	49.4
9788.0	216.33333333333334
9863.0	178.0909090909091
9938.0	123.66666666666667
10013.0	120.8
10088.0	239.75
10163.0	168.75
10238.0	239.33333333333334
10313.0	185.30769230769232
10388.0	41.25
10463.0	161.57142857142858
10538.0	122.0
10613.0	144.6
10688.0	180.5
10763.0	119.7
10838.0	155.75
10913.0	146.75
10988.0	109.8
11063.0	84.0
11138.0	65.6
11213.0	179.66666666666666
11288.0	149.25
11363.0	143.85714285714286
11438.0	78.5
11513.0	234.2
11588.0	207.33333333333334
11663.0	170.0
11738.0	206.42857142857142
11813.0	229.0
11888.0	80.66666666666667
11963.0	137.4
12038.0	145.0
12113.0	180.42857142857142
12188.0	149.2
12263.0	196.0
12338.0	129.42857142857142
12413.0	208.71428571428572
12488.0	171.0
12563.0	165.5
12638.0	150.2
12713.0	158.0909090909091
12788.0	0.0
12863.0	200.16666666666666
12938.0	183.125
13013.0	142.625
13088.0	149.33333333333334
13163.0	208.66666666666666
13238.0	247.4
13313.0	0.0
13388.0	144.0
13463.0	0.0
13538.0	148.57142857142858
13613.0	175.0
13688.0	156.36363636363637
13763.0	163.83333333333334
13838.0	188.57142857142858
13913.0	140.85714285714286
13988.0	211.63636363636363
14063.0	157.0
14138.0	210.25
14213.0	142.625
14288.0	214.33333333333334
14363.0	155.28571428571428
14438.0	53.0
14513.0	201.83333333333334
14588.0	220.0
14663.0	180.33333333333334
14738.0	185.0
14813.0	221.75
14888.0	168.14285714285714
14963.0	193.0
15038.0	142.33333333333334
15113.0	122.8
15188.0	101.25
15263.0	205.6
15338.0	72.75
15413.0	150.33333333333334
15488.0	155.875
15563.0	162.2
15638.0	146.33333333333334
15713.0	199.625
15788.0	153.3
15863.0	137.0
15938.0	196.0
16013.0	197.85714285714286
16088.0	122.33333333333333
16163.0	118.0
16238.0	218.5
16313.0	218.2
16388.0	166.25
16463.0	159.33333333333334
16538.0	121.0
16613.0	152.5
16688.0	192.66666666666666
16763.0	178.5
16838.0	137.0
16913.0	143.77777777777777
16988.0	158.0
17063.0	175.25
17138.0	198.0
17213.0	211.5
17288.0	163.125
17363.0	128.9
17438.0	273.0
17513.0	163.22222222222223
17588.0	140.0
17663.0	93.0
17738.0	201.4
17813.0	160.3
17888.0	160.66666666666666
17963.0	154.54545454545453
18038.0	166.0
18113.0	131.66666666666666
18188.0	154.28571428571428
18263.0	166.0
18338.0	168.33333333333334
18413.0	159.125
18488.0	208.75
18563.0	271.6666666666667
18638.0	187.5
18713.0	155.5
18788.0	125.28571428571429
18863.0	135.0
18938.0	130.4
19013.0	155.6
19088.0	126.5
19163.0	56.875
19238.0	72.66666666666667
19313.0	210.4
19388.0	199.4
19463.0	177.8
19538.0	131.3
19613.0	185.0
19688.0	185.83333333333334
19763.0	144.75
19838.0	215.14285714285714
19913.0	179.33333333333334
19988.0	214.875
20063.0	159.75
20138.0	119.0
20213.0	184.0
20288.0	162.0
20363.0	89.0
20438.0	85.5
20513.0	113.5
20588.0	72.25
20663.0	135.0
20738.0	107.83333333333333
20813.0	152.0
20888.0	119.0
20963.0	247.0
21038.0	131.57142857142858
21113.0	133.3
21188.0	131.5
21263.0	136.0
21338.0	132.4
21413.0	224.875
21488.0	131.125
21563.0	59.78947368421053
21638.0	176.0
21713.0	90.75
21788.0	156.0
21863.0	200.0
21938.0	177.625
22013.0	149.9
22088.0	124.0
22163.0	135.28571428571428
22238.0	91.25
22313.0	144.33333333333334
22388.0	111.85714285714286
22463.0	188.66666666666666
22538.0	175.0
22613.0	104.5
22688.0	134.0
22763.0	224.5
22838.0	139.0
22913.0	196.57142857142858
22988.0	162.16666666666666
23063.0	173.33333333333334
23138.0	80.83333333333333
23213.0	134.33333333333334
23288.0	176.33333333333334
23363.0	141.7
23438.0	148.8
23513.0	138.5
23588.0	185.0909090909091
23663.0	130.375
23738.0	306.5
23813.0	234.2
23888.0	75.6086956521739
23963.0	147.9090909090909
24038.0	205.0
24113.0	196.0
24188.0	109.125
24263.0	20.0
24338.0	91.33333333333333
24413.0	184.33333333333334
24488.0	120.4
24563.0	192.28571428571428
24638.0	159.83333333333334
24713.0	191.2
24788.0	183.8
24863.0	75.77777777777777
24938.0	199.0
25013.0	113.0
25088.0	91.42857142857143
25163.0	104.0
25238.0	129.0
25313.0	198.5
25388.0	115.25
25463.0	153.0
25538.0	0.0
25613.0	107.71428571428571
25688.0	152.5
25763.0	159.0
25838.0	226.66666666666666
25913.0	132.33333333333334
25988.0	110.0
26063.0	207.8
26138.0	165.16666666666666
26213.0	143.63636363636363
26288.0	43.5
26363.0	138.33333333333334
26438.0	124.66666666666667
26513.0	228.125
26588.0	181.71428571428572
26663.0	114.83333333333333
26738.0	160.55555555555554
26813.0	174.45454545454547
26888.0	136.57142857142858
26963.0	115.33333333333333
27038.0	143.375
27113.0	173.44444444444446
27188.0	160.5
27263.0	118.0
27338.0	148.125
27413.0	127.625
27488.0	216.16666666666666
27563.0	0.0
27638.0	183.0
27713.0	166.0
27788.0	65.81818181818181
27863.0	167.66666666666666
27938.0	163.0
28013.0	126.11111111111111
28088.0	161.125
28163.0	186.0
28238.0	133.5
28313.0	186.1875
28388.0	157.85714285714286
28463.0	218.0
28538.0	167.77777777777777
28613.0	166.28571428571428
28688.0	144.0
28763.0	191.2
28838.0	195.33333333333334
28913.0	154.8
28988.0	165.85714285714286
29063.0	241.2
29138.0	227.16666666666666
29213.0	148.0
29288.0	162.33333333333334
29363.0	122.78260869565217
29438.0	122.66666666666667
29513.0	163.73333333333332
29588.0	138.875
29663.0	155.6
29738.0	111.72727272727273
29813.0	19.5
29877.0	29.24349238190763
