# Position (bp)	A	C	G	T	N
0.0	89.17229233930144	4.710889345465219	3.5896683299090104	2.524214851775756	0.0029351335485764602
1.0	90.26179854425922	2.7441887767081474	2.362643813101667	4.63136886593097	0.0
2.0	90.83080479699466	3.340557722872417	1.9708134662621009	3.857824013870828	0.0
3.0	92.15748031496062	2.579813886900501	2.27630637079456	2.9863994273443093	0.0
4.0	92.53850088083196	2.1282036710802976	2.2873217025629367	3.0459737455248055	0.0
5.0	92.55418087534876	2.2066905278584112	1.9248654285150637	3.314263168277767	0.0
6.0	91.12939332885605	2.4065368256100292	1.9923886277143497	4.471681217819565	0.0
7.0	91.78817898486199	2.5628895814781836	1.9590382902938557	3.689893143365984	0.0
8.0	91.78385560845975	2.206289447458753	2.0595725833241056	3.9502823607573916	0.0
9.0	92.86500165034657	1.9391572230168335	2.2554736494663876	2.9403674771702057	0.0
10.0	92.1158311706051	2.4887310476710836	2.3876519601147383	3.00778582160907	0.0
11.0	91.73279704315686	2.258397651918687	2.4459180345689746	3.5628872703554735	0.0
12.0	92.09608992893237	2.2157970113762264	2.204988245467074	3.4831248142243356	0.0
13.0	92.07474226804123	2.161189862542955	2.0591709621993126	3.704896907216495	0.0
14.0	92.36543341792441	2.008815279818352	2.195806063843996	3.4299452384132496	0.0
15.0	92.45022197410745	2.0602387218544806	2.179865486349257	3.309673817688811	0.0
16.0	92.43850833112933	2.1079079608569162	1.9730230097857708	3.480560698227982	0.0
17.0	92.3625925048063	2.1384740986542363	2.259619183060757	3.239314213478708	0.0
18.0	92.59395339072013	1.9394289313457904	2.217614948561831	3.2490027293722448	0.0
19.0	91.94117803201232	2.1872428529716244	2.333236004565604	3.5383431104504552	0.0
20.0	91.96159638554217	2.240210843373494	2.3558519793459554	3.4423407917383817	0.0
21.0	91.92663555228036	2.210759027266028	2.407270940800786	3.452605147520402	0.002729332132427195
22.0	91.72310425224825	2.2510269790163204	2.389807927167759	3.63606084156767	0.0
23.0	91.59424379232506	2.240406320541761	2.4633182844243793	3.7020316027088036	0.0
24.0	91.45455585425843	2.153520562832466	2.4967110907738945	3.8952124921352174	0.0
25.0	91.28858203759573	2.338129496402878	2.494778370851706	3.878510095149687	0.0
26.0	91.11888523047978	2.42238946378175	2.6193555973659457	3.839369708372531	0.0
27.0	91.11362755907858	2.366123312572638	2.4972434961408947	4.023005632207885	0.0
28.0	91.2479691918888	2.382814850472351	2.3677718274264397	4.001444130212407	0.0
29.0	90.90357240416427	2.5404437429811515	2.5465140984004613	4.009469754454123	0.0
30.0	91.14408075864179	2.355460385438972	2.6583052921382686	3.8421535637809727	0.0
31.0	91.28697042366107	2.5149111480046735	2.348890118674291	3.849228309659964	0.0
32.0	90.92113146857558	2.61423480811075	2.4944025732395696	3.970231150074107	0.0
33.0	75.02775642668034	6.883593816722179	6.90921513365787	11.179434622939619	0.0
34.0	74.52871166710104	6.993310746242725	6.732690469985232	11.74528711667101	0.0
35.0	68.04979253112033	8.399685993046988	9.094987103285858	14.455534372546822	0.0
36.0	67.07837412980014	8.89288120368291	9.510442398383113	14.518302268133843	0.0
37.0	66.73044456949916	8.823860438942036	9.656724817107484	14.788970174451322	0.0
38.0	66.83587140439933	8.550479413423576	9.103214890016922	15.51043429216018	0.0
39.0	67.04263478457027	9.914279269117978	8.854049176629822	14.189036769681932	0.0
40.0	67.92943571186248	8.865769535225603	8.571751667985977	14.633043084925932	0.0
41.0	66.45906465858906	9.444004076548522	9.48929906012909	14.607632204733326	0.0
42.0	67.43867655447804	9.081574443810611	9.184255561893897	14.295493439817456	0.0
43.0	67.4183156925909	9.514496088357111	8.387022549470778	14.680165669581225	0.0
44.0	66.905311778291	8.822170900692841	8.706697459584294	15.565819861431871	0.0
45.0	66.2243947858473	9.706703910614525	9.148044692737429	14.920856610800746	0.0
46.0	66.63923827436228	8.922064182437992	9.239449864817209	15.199247678382507	0.0
47.0	64.82864935372939	9.545831851061306	9.581406379698802	16.044112415510494	0.0
48.0	65.81687612208259	9.048473967684021	9.16816277678037	15.966487133453022	0.0
49.0	65.02659574468085	9.707446808510637	9.634912959381046	15.631044487427467	0.0
50.0	64.88261768641284	9.962291692008272	8.818878481936505	16.336212139642377	0.0
51.0	64.60556986872777	9.642988590357012	10.207336523125997	15.544105017789228	0.0
52.0	63.100679431748	10.376775787523162	9.586164298949969	16.936380481778876	0.0
53.0	63.54373757455269	9.604870775347912	10.499502982107355	16.35188866799205	0.0
54.0	64.0984015984016	9.54045954045954	9.740259740259742	16.62087912087912	0.0
55.0	63.23732863790718	10.401207395296188	9.872971953213431	16.488492013583198	0.0
56.0	62.9751647237709	9.706031424227065	10.03547896604156	17.283324885960464	0.0
57.0	62.52870630262822	10.487369226843581	10.244960449094156	16.73896402143404	0.0
58.0	62.228225910201985	10.549337450147949	10.279171491058793	16.943265148591276	0.0
59.0	61.878811470092124	10.48397560659141	9.887115609186454	17.750097314130013	0.0
60.0	61.35770234986945	11.449086161879896	10.939947780678851	16.2532637075718	0.0
61.0	61.750426453221365	10.352972050911955	10.326728775751214	17.56987272011547	0.0
62.0	61.322248614410135	10.556875164951174	10.530482977038796	17.590393243599895	0.0
63.0	61.11699311805188	10.5214399152991	11.11699311805188	17.244573848597142	0.0
64.0	61.08747673491093	10.475937250731189	10.502525923956394	17.934060090401488	0.0
65.0	61.54258168184252	10.672201392608462	10.79271558650241	16.992501339046598	0.0
66.0	61.05677804944308	10.676446617766912	10.948111926107035	17.318663406682965	0.0
67.0	60.741548527808064	11.055070883315159	11.095965103598692	17.10741548527808	0.0
68.0	61.033634126333055	10.992616899097621	10.66447908121411	17.309269893355207	0.0
69.0	60.529928610653485	11.051619989017023	10.955518945634267	17.462932454695224	0.0
70.0	59.82694684796045	10.754017305315204	11.069907979673122	18.34912786705123	0.0
71.0	60.467997247075026	11.245698554714384	10.5712319339298	17.7150722642808	0.0
72.0	59.63721960675713	11.201883134865689	11.838825810024924	17.322071448352258	0.0
73.0	60.79577072899277	10.698386199220923	11.143572621035059	17.362270450751254	0.0
74.0	59.54400111219241	11.580703461698874	10.80216877519811	18.073126650910606	0.0
75.0	60.23895526535149	11.253125868296749	12.35065295915532	16.157265907196443	0.0
76.0	60.08625486922649	11.853088480801336	10.308848080133556	17.75180856983862	0.0
77.0	59.39503763590744	11.918037357122945	10.482297184276554	18.20462782269306	0.0
78.0	59.90196078431372	10.868347338935575	11.23249299719888	17.99719887955182	0.0
79.0	60.47002533070645	11.483253588516746	10.667041936391781	17.379679144385026	0.0
80.0	60.17824303296081	10.92092233696421	10.553119253076815	18.34771537699816	0.0
81.0	59.84308131241084	10.456490727532097	11.569186875891583	18.131241084165477	0.0
82.0	59.703830271963554	11.71863875836537	10.907019792111633	17.670511177559447	0.0
83.0	59.47225010755772	11.458482719059228	11.343754481571777	17.72551269181127	0.0
84.0	59.18221968941445	12.295198746260152	11.012964809801966	17.509616754523435	0.0
85.0	59.971367215461704	10.780243378668576	12.054402290622763	17.19398711524696	0.0
86.0	59.5993081579706	11.991928509656962	11.213606226578264	17.195157105794177	0.0
87.0	59.94190268700073	11.358024691358025	11.12563543936093	17.57443718228032	0.0
88.0	58.93613912026889	11.86614058161625	11.237761215841005	17.95995908227386	0.0
89.0	58.88235294117648	11.014705882352942	11.558823529411764	18.544117647058826	0.0
90.0	60.162721893491124	11.272189349112425	11.863905325443787	16.701183431952664	0.0
91.0	58.75353264911498	11.393723040309386	11.125985423174178	18.726758887401456	0.0
92.0	58.800657993120986	11.888739344997756	11.933602512337371	17.377000149543893	0.0
93.0	60.20286396181385	12.007756563245824	11.0381861575179	16.751193317422434	0.0
94.0	59.77477477477478	11.696696696696698	10.51051051051051	18.01801801801802	0.0
95.0	59.93362498114346	11.344094131844924	10.589832553929703	18.132448333081914	0.0
96.0	60.4767689037352	11.114485271788642	11.509262071059824	16.899483753416337	0.0
97.0	59.04149441126933	11.57556270096463	10.917164293370082	18.465778594395957	0.0
98.0	59.37451617897508	11.007895959126799	10.713732775971513	18.90385508592661	0.0
99.0	59.5070971767275	11.68304476680705	10.4507877086258	18.35907034783965	0.0
100.0	59.384858044164034	10.646687697160884	12.097791798107256	17.870662460567825	0.0
101.0	58.846761453396525	11.532385466034755	10.679304897314376	18.941548183254344	0.0
102.0	59.460745440126885	10.959555908009516	11.62569389373513	17.95400475812847	0.0
103.0	59.307914130086516	11.855174623518103	10.50945209868632	18.327459147709067	0.0
104.0	59.47172257332684	11.635067250040512	10.95446443040026	17.938745746232378	0.0
105.0	58.96472893533639	11.038536903984324	11.822338340953625	18.17439581972567	0.0
106.0	57.72384388324041	12.29911446375861	11.725155788783209	18.251885864217776	0.0
107.0	60.15199074838923	11.779283000165206	10.490665785560878	17.578060465884686	0.0
108.0	58.75395635515576	11.510911211061137	12.260536398467432	17.474596035315678	0.0
109.0	58.88851121685927	11.726716519374575	11.845683208701562	17.539089055064583	0.0
110.0	57.96802475502837	11.58672855423758	11.947739384562489	18.497507306171563	0.0
111.0	58.81329389246564	11.571254567600487	11.98886375500261	17.626587784931267	0.0
112.0	58.35823519071893	10.986113552469678	12.040780453506768	18.614870803304623	0.0
113.0	59.053023585742146	11.136726369923746	11.668735591416917	18.141514452917185	0.0
114.0	57.977769809967725	11.77841520258157	11.634994621728218	18.60882036572248	0.0
115.0	57.91099000908265	12.26158038147139	10.717529518619436	19.10990009082652	0.0
116.0	58.728999269539806	10.920379839298757	11.2490869247626	19.101533966398833	0.0
117.0	55.92069028823205	12.924545621442995	12.098402790526896	19.056361299798056	0.0
118.0	57.86361116244687	11.95712437627056	11.938643503973388	18.22214008501201	0.018480872297172428
119.0	57.26986478977588	12.631968883126504	11.131691053898871	18.96647527319874	0.0
120.0	59.11201932008174	11.276240014861601	11.03473899312651	18.57700167193015	0.0
121.0	57.71674140508222	11.752615844544096	12.42526158445441	18.105381165919283	0.0
122.0	58.84557721139431	11.712893553223388	11.075712143928037	18.36581709145427	0.0
123.0	56.97173872356353	13.569155904922328	10.724312184166198	18.734793187347933	0.0
124.0	58.653487504662436	12.551286833271167	10.984707198806415	17.810518463259978	0.0
125.0	59.11540605835347	12.135290838134177	10.72291395651366	18.0263891469987	0.0
126.0	59.82492084187	12.087912087912088	11.0262618737195	17.060905196498418	0.0
127.0	61.17537313432836	12.052238805970148	10.615671641791046	16.156716417910445	0.0
128.0	61.29515253602845	12.034437581882838	10.23769417930002	16.432715702788695	0.0
129.0	60.02245929253228	13.400711210930188	10.612015721504772	15.964813775032752	0.0
130.0	61.86298301288035	12.189658390890424	9.93093149150644	16.01642710472279	0.0
131.0	61.90919240788983	11.443989579456643	10.271678451804988	16.37513956084853	0.0
132.0	61.621519227126356	10.930100397802613	11.346845993559386	16.10153438151165	0.0
133.0	62.72657153875819	10.181257231006557	10.74045507134593	16.351716158889317	0.0
134.0	61.309406428712286	10.254387694734767	9.820548215342141	18.615657661210808	0.0
135.0	61.316955296012885	10.108739428111155	10.67257349979863	17.901731776077327	0.0
136.0	60.900082576383156	10.569777043765482	10.982658959537572	17.54748142031379	0.0
137.0	60.08883248730964	10.702199661590525	10.829103214890017	18.379864636209813	0.0
138.0	60.350421804023355	11.053428509625785	11.767250703006706	16.82889898334415	0.0
139.0	58.56095936042638	12.391738840772819	11.325782811459026	17.72151898734177	0.0
140.0	59.02349988592288	10.791695185945699	10.175678758840977	20.00912616929044	0.0
141.0	58.0690627202255	11.416490486257928	11.439981207423068	19.074465586093492	0.0
142.0	58.307134220072555	10.83434099153567	11.874244256348247	18.98428053204353	0.0
143.0	58.28756864702945	11.28307538691962	10.933599600599102	19.495756365451822	0.0
144.0	57.6625386996904	11.867905056759547	11.27450980392157	19.16924664602683	0.025799793601651185
145.0	53.77408993576017	13.088865096359742	11.80406852248394	21.306209850107066	0.02676659528907923
146.0	52.41532481954469	12.68739589117157	13.714602998334257	21.182676290949473	0.0
147.0	51.49942329873126	13.321799307958477	16.608996539792386	18.569780853517877	0.0
148.0	51.03045216856352	14.149492463857275	17.440787450015378	17.379267917563826	0.0
149.0	46.85634000702494	16.57885493501932	18.79171057253249	17.737969792764314	0.035124692658939236
150.0	4.395604395604396	33.22062552831784	32.29078613693998	30.092983939137785	0.0
