# Position (bp)	A	C	G	T	N
0.0	87.81313473256601	5.974949221394719	3.4698713608666214	2.742044685172647	0.0
1.0	89.20108327691267	3.131347325660122	2.8097494922139474	4.857819905213271	0.0
2.0	89.58436827289287	4.222553402881272	1.9705249213445937	4.222553402881272	0.0
3.0	92.05416870615109	2.2842225485397294	2.447381302006853	3.2142274433023332	0.0
4.0	92.34619731955434	1.9699660907476182	2.2767640884870017	3.4070725012110445	0.0
5.0	92.512	2.016	2.2399999999999998	3.232	0.0
6.0	90.98855689764781	2.5111252383979656	2.2409408773045136	4.259376986649714	0.0
7.0	91.35724443039975	2.5280455048190866	1.9592352662347923	4.155474798546374	0.0
8.0	91.28454773869346	2.261306532663317	2.1042713567839195	4.349874371859296	0.0
9.0	92.59374513770032	2.007157305119029	2.411700637933717	2.987396919246927	0.0
10.0	91.73986746802281	2.4503005085529357	2.2961935583294806	3.5136384650947763	0.0
11.0	91.35897043051938	2.497318829477555	2.328788110923855	3.8149226290792093	0.0
12.0	92.135686035899	2.3425616063279584	1.9774870702768483	3.544265287496197	0.0
13.0	92.20211161387633	2.277526395173454	2.0361990950226243	3.484162895927602	0.0
14.0	92.1900764503073	1.6189476840053965	2.3834507570079446	3.8075251086793584	0.0
15.0	92.30311150811374	2.1289266041387522	2.471341372636594	3.0966205151109127	0.0
16.0	92.48375664500887	2.2002362669816895	1.8606024808033077	3.4554046072061433	0.0
17.0	92.35069137981759	2.0888496616651957	2.2506619593998236	3.309796999117388	0.0
18.0	92.50146455770357	1.9039250146455773	2.0210896309314585	3.5735207967193907	0.0
19.0	92.10918854415274	1.983890214797136	2.416467780429594	3.4904534606205253	0.0
20.0	91.8022813688213	2.4486692015209126	2.4486692015209126	3.3003802281368824	0.0
21.0	91.56890348819022	2.22117941498514	2.893790082903175	3.3161270139214762	0.0
22.0	91.35109114249038	2.8401797175866497	2.4390243902439024	3.3697047496790757	0.0
23.0	91.11696002632011	2.566211547951966	2.5333113999012995	3.783517025826616	0.0
24.0	91.02995624368899	3.3153820262537868	2.339279703803433	3.3153820262537868	0.0
25.0	90.77002406325198	2.801650051564111	2.389137160536267	4.039188724647645	0.0
26.0	90.2464604090194	3.1463030938647085	2.8841111693759833	3.7231253277399055	0.0
27.0	90.48806555040969	2.547203420021375	3.1350195938724617	3.8297114356964728	0.0
28.0	90.7547851209823	2.7266161068977968	2.2932466594438425	4.225352112676056	0.0
29.0	90.00916590284143	3.0430797433547205	2.7314390467461047	4.216315307057745	0.0
30.0	90.44090403853279	2.723230826231938	2.6306039273805113	4.205261207854761	0.0
31.0	90.60814580621164	2.6408778129068256	2.3619118467546962	4.389064534126836	0.0
32.0	89.64728312678741	2.631077216396568	3.298379408960915	4.4232602478551	0.0
33.0	78.23392718822618	6.545313710302092	5.693261037955073	9.527498063516655	0.0
34.0	79.70335675253708	6.284153005464481	4.410616705698673	9.601873536299765	0.0
35.0	72.72269753397082	8.75691997986915	7.297433316557625	11.222949169602416	0.0
36.0	73.43117408906883	7.945344129554656	6.983805668016195	11.639676113360323	0.0
37.0	73.07302231237323	7.200811359026369	7.302231237322515	12.42393509127789	0.0
38.0	71.70191339375629	7.2004028197381675	8.157099697885197	12.94058408862034	0.0
39.0	72.54901960784314	8.647561588738059	8.49673202614379	10.306686777275011	0.0
40.0	72.42242242242243	8.358358358358359	6.506506506506507	12.712712712712712	0.0
41.0	71.6432865731463	8.517034068136272	7.915831663326653	11.923847695390782	0.0
42.0	73.98373983739837	7.977642276422764	6.351626016260163	11.6869918699187	0.0
43.0	72.93695540748334	7.9958995386981035	6.868272680676577	12.198872373141977	0.0
44.0	71.64179104477611	8.337622233659289	8.234688625836336	11.785898095728255	0.0
45.0	72.62337662337663	7.792207792207792	7.428571428571429	12.155844155844155	0.0
46.0	72.76080084299262	7.481559536354057	7.744994731296101	12.012644889357219	0.0
47.0	71.73798203909139	8.452192287374539	7.448494453248812	12.361331220285262	0.0
48.0	71.40575079872204	7.987220447284344	7.880724174653888	12.726304579339724	0.0
49.0	71.53638814016172	7.708894878706199	6.684636118598383	14.070080862533693	0.0
50.0	69.32314410480349	7.969432314410481	9.606986899563319	13.100436681222707	0.0
51.0	70.88888888888889	8.444444444444445	8.166666666666666	12.5	0.0
52.0	68.01801801801803	9.29054054054054	7.939189189189189	14.752252252252251	0.0
53.0	67.95235394214407	8.678389109472489	9.812819058423141	13.556437889960296	0.0
54.0	67.62342135476463	9.47187141216992	8.43857634902411	14.46613088404133	0.0
55.0	67.26744186046511	9.069767441860465	7.325581395348838	16.33720930232558	0.0
56.0	67.37714624037892	7.8152753108348145	9.709887507400829	15.097690941385435	0.0
57.0	67.56433273488929	9.694793536804308	9.57510472770796	13.165769000598443	0.0
58.0	65.01510574018127	10.090634441087614	8.942598187311178	15.951661631419938	0.0
59.0	66.58431130327362	7.906114885731934	9.017912291537987	16.491661519456454	0.0
60.0	65.40642722117202	9.13673597983617	9.514807813484563	15.942028985507244	0.0
61.0	65.54140127388534	10.254777070063694	8.343949044585987	15.859872611464967	0.0
62.0	64.65683130211674	10.198845413726747	8.787684413085312	16.3566388710712	0.0
63.0	64.81601032924468	9.231762427372498	10.5229180116204	15.429309231762428	0.0
64.0	65.47927461139896	10.427461139896373	8.031088082901555	16.06217616580311	0.0
65.0	63.40038935756003	10.317975340687866	9.798831927319922	16.482803374432187	0.0
66.0	65.05944517833554	10.039630118890356	10.568031704095112	14.332892998678995	0.0
67.0	64.62450592885376	9.881422924901186	8.234519104084322	17.25955204216074	0.0
68.0	64.76821192052981	9.470198675496688	10.728476821192052	15.033112582781458	0.0
69.0	63.58768406961178	11.244979919678714	10.910307898259704	14.257028112449799	0.0
70.0	63.1438127090301	12.240802675585284	9.698996655518394	14.91638795986622	0.0
71.0	63.903743315508024	11.096256684491978	9.224598930481283	15.775401069518717	0.0
72.0	63.04054054054053	11.621621621621623	9.324324324324325	16.013513513513512	0.0
73.0	63.04054054054053	11.554054054054054	10.0	15.405405405405407	0.0
74.0	63.98929049531459	11.44578313253012	10.107095046854083	14.457831325301203	0.0
75.0	62.271540469973885	13.838120104438643	11.031331592689295	12.859007832898172	0.0
76.0	64.24903722721437	11.810012836970476	8.21566110397946	15.725288831835687	0.0
77.0	65.06717850287907	10.556621880998081	9.724888035828535	14.651311580294305	0.0
78.0	64.92585428755642	9.735654416505481	10.058027079303674	15.28046421663443	0.0
79.0	66.16883116883116	9.285714285714286	7.987012987012987	16.558441558441558	0.0
80.0	64.77864583333334	10.286458333333332	10.286458333333332	14.6484375	0.0
81.0	64.501312335958	10.564304461942257	9.317585301837271	15.616797900262466	0.0
82.0	65.9046374918354	9.53625081645983	8.883082952318746	15.676028739386021	0.0
83.0	66.06334841628959	10.277957336780865	10.148674854557207	13.510019392372334	0.0
84.0	68.15003178639543	9.917355371900827	7.43801652892562	14.49459631277813	0.0
85.0	67.74397972116604	9.949302915082383	8.428390367553867	13.878326996197718	0.0
86.0	67.97934151065203	9.425435765009684	10.78114912846998	11.814073595868301	0.0
87.0	66.75392670157068	9.81675392670157	9.55497382198953	13.874345549738221	0.0
88.0	67.43119266055045	8.387942332896461	8.91218872870249	15.26867627785059	0.0
89.0	66.2303664921466	10.732984293193718	7.657068062827226	15.379581151832461	0.0
90.0	67.64898493778651	8.382449246889326	9.233791748526523	14.734774066797643	0.0
91.0	66.84141546526867	9.63302752293578	8.125819134993446	15.399737876802098	0.0
92.0	66.77524429967427	9.77198697068404	8.729641693811075	14.723127035830618	0.0
93.0	67.21311475409836	8.19672131147541	9.901639344262295	14.688524590163935	0.0
94.0	68.19973718791064	9.395532194480946	8.672798948751643	13.731931668856767	0.0
95.0	68.02131912058627	8.327781479013991	10.526315789473683	13.124583610926049	0.0
96.0	67.47474747474747	7.878787878787878	8.61952861952862	16.026936026936024	0.0
97.0	65.58843771507227	8.1899518238128	10.529938059187888	15.691672401927049	0.0
98.0	65.71028691392581	10.496850944716584	9.657102869139258	14.135759272218335	0.0
99.0	66.47807637906648	10.67892503536068	9.476661951909476	13.366336633663368	0.0
100.0	66.59356725146199	10.014619883040936	8.333333333333332	15.058479532163743	0.0
101.0	65.1094890510949	8.613138686131387	8.75912408759124	17.51824817518248	0.0
102.0	66.2730627306273	10.33210332103321	9.59409594095941	13.800738007380073	0.0
103.0	65.20423600605145	10.43872919818457	8.925869894099849	15.431164901664147	0.0
104.0	66.46058732612056	9.350850077279754	10.123647604327667	14.064914992272023	0.0
105.0	63.83647798742138	9.748427672955975	11.79245283018868	14.622641509433961	0.0
106.0	63.665594855305464	9.32475884244373	9.405144694533762	17.60450160771704	0.0
107.0	63.1578947368421	9.12828947368421	11.759868421052632	15.953947368421053	0.0
108.0	60.52409129332206	13.017751479289942	11.496196111580726	14.96196111580727	0.0
109.0	63.089005235602095	10.907504363001745	10.38394415357766	15.6195462478185	0.0
110.0	62.972972972972975	10.45045045045045	10.45045045045045	16.126126126126124	0.0
111.0	61.55251141552511	11.598173515981735	11.598173515981735	15.251141552511417	0.0
112.0	62.55835667600373	11.57796451914099	9.523809523809524	16.33986928104575	0.0
113.0	61.005692599620495	12.04933586337761	10.815939278937382	16.129032258064516	0.0
114.0	60.0	14.466019417475728	11.067961165048544	14.466019417475728	0.0
115.0	59.118236472945895	11.723446893787576	10.02004008016032	19.138276553106213	0.0
116.0	58.06451612903226	12.096774193548388	9.778225806451612	20.06048387096774	0.0
117.0	59.81210855949895	12.421711899791232	11.795407098121085	15.970772442588727	0.0
118.0	58.55472901168969	12.114771519659936	11.477151965993624	17.85334750265675	0.0
119.0	57.11159737417943	11.925601750547047	12.582056892778992	18.38074398249453	0.0
120.0	59.48660714285714	12.276785714285714	12.165178571428571	16.071428571428573	0.0
121.0	57.32122587968218	13.393870601589104	11.237230419977298	18.047673098751417	0.0
122.0	56.278538812785385	11.643835616438356	13.24200913242009	18.835616438356166	0.0
123.0	55.414746543778804	15.668202764976957	12.442396313364055	16.474654377880185	0.0
124.0	56.815578465063	13.745704467353953	12.027491408934708	17.411225658648338	0.0
125.0	57.09302325581396	13.25581395348837	11.395348837209303	18.255813953488374	0.0
126.0	57.126030624263834	14.840989399293287	10.60070671378092	17.432273262661955	0.0
127.0	58.73959571938169	11.771700356718192	11.533888228299643	17.954815695600477	0.0
128.0	60.14580801944107	11.421628189550425	8.748481166464156	19.68408262454435	0.0
129.0	58.76662636033857	13.784764207980654	12.333736396614269	15.114873035066505	0.0
130.0	60.55488540410132	12.424607961399277	9.047044632086852	17.973462002412546	0.0
131.0	60.26570048309179	11.352657004830919	12.439613526570048	15.942028985507244	0.0
132.0	60.24691358024692	8.518518518518519	13.456790123456791	17.77777777777778	0.0
133.0	60.88607594936709	10.253164556962027	10.886075949367088	17.974683544303797	0.0
134.0	59.078947368421055	10.0	12.763157894736842	18.157894736842106	0.0
135.0	61.684782608695656	10.190217391304348	11.141304347826086	16.983695652173914	0.0
136.0	55.87828492392808	10.37344398340249	11.341632088520056	22.40663900414938	0.0
137.0	55.98290598290598	11.253561253561253	9.401709401709402	23.36182336182336	0.0
138.0	57.14285714285714	11.51603498542274	14.139941690962099	17.20116618075802	0.0
139.0	58.19548872180451	11.879699248120302	12.631578947368421	17.293233082706767	0.0
140.0	53.51014040561623	10.764430577223088	11.700468018720748	24.024960998439937	0.0
141.0	56.401944894651535	11.831442463533225	12.965964343598054	18.80064829821718	0.0
142.0	58.666666666666664	12.333333333333334	9.833333333333332	19.166666666666668	0.0
143.0	58.262350936967636	12.776831345826235	10.391822827938672	18.56899488926746	0.0
144.0	53.68421052631579	14.035087719298245	12.982456140350877	19.298245614035086	0.0
145.0	51.711711711711715	11.351351351351353	13.873873873873874	23.063063063063062	0.0
146.0	55.29865125240848	12.524084778420038	14.450867052023122	17.726396917148364	0.0
147.0	48.199999999999996	14.399999999999999	19.2	18.2	0.0
148.0	51.85185185185185	12.636165577342048	18.30065359477124	17.21132897603486	0.0
149.0	45.52058111380145	14.527845036319611	20.09685230024213	19.854721549636803	0.0
150.0	2.73224043715847	30.05464480874317	37.704918032786885	29.508196721311474	0.0
