# Position (bp)	A	C	G	T	N
0.0	91.67822468793344	3.3287101248266295	2.903102988768323	2.0872426640559136	0.002719534415708031
1.0	92.35549270494813	1.9893123750730866	1.9580381545490393	3.6971567654297486	0.0
2.0	92.6881342648271	2.3174736159344893	1.7161466427036742	3.278245476534735	0.0
3.0	93.58434180946868	1.9545815553192347	1.8334298060225882	2.6276468291894948	0.0
4.0	93.764595356328	1.7058113004965778	1.9259159844316198	2.6036773587437927	0.0
5.0	93.8096894144084	1.8030550279553785	1.6599341911666354	2.72464621064177	0.002675155827826971
6.0	92.42494965525519	1.9671125455103158	1.616366376378646	3.9915714228558477	0.0
7.0	92.9171045804675	2.2789255923477056	1.6975534476565513	3.1064163795282504	0.0
8.0	92.93386619222753	1.8734150324627905	1.9305070568397573	3.262211718469934	0.0
9.0	93.93149270720279	1.5220901606797788	2.0012176721285435	2.5451994599888823	0.0
10.0	93.23619854561773	2.04431774689525	2.0693933035066188	2.650090403980415	0.0
11.0	92.82442145170208	2.004844272437669	2.1246347049996053	3.046099570860648	0.0
12.0	93.27285378566084	1.882655673567987	1.8590240123934934	2.9854665283776867	0.0
13.0	93.35608556932894	1.8084104817197553	1.7417228934567708	3.093781055494534	0.0
14.0	93.51348532843194	1.6855031089906534	1.783270110672246	3.017741451905153	0.0
15.0	93.51432097161785	1.7925569916217445	1.9705137364421639	2.7226083003182437	0.0
16.0	93.51317050428656	1.758657307881582	1.7754927607552644	2.9526794270765886	0.0
17.0	93.33807185319203	1.8014990953734815	1.8195916257430862	3.040837425691393	0.0
18.0	93.48955312375134	1.7645618241109524	1.7722954771019424	2.973589575035768	0.0
19.0	93.35033067156743	1.8416659117087502	2.0086194623836824	2.7993839543401453	0.0
20.0	93.45573224803984	1.637042141807638	1.9725122550613077	2.934713355091214	0.0
21.0	93.3209623250526	1.7589482900565845	1.9876377036969275	2.932451681193889	0.0
22.0	93.34286914072753	1.8660437772295417	1.8450475040680279	2.9460395779749096	0.0
23.0	93.1694061156109	1.8257130042476848	1.9826926628499064	3.0221882172915073	0.0
24.0	93.30267203902025	1.6925564627292973	1.9430601208779559	3.061711377372495	0.0
25.0	93.16334809730922	1.9472487131399385	1.878084141361744	3.011319048189085	0.0
26.0	92.93773617657662	1.8480191211226984	2.0402985672510714	3.173946135049605	0.0
27.0	92.98233868484125	1.8799459046904918	2.0352690706050907	3.102446339863155	0.0
28.0	93.19731543624161	1.8013422818791944	1.8456375838926176	3.155704697986577	0.0
29.0	93.07661290322581	2.0483870967741935	1.8400537634408605	3.03494623655914	0.0
30.0	93.17875801152583	1.9066084989497494	1.8217805784456291	3.0928529110787957	0.0
31.0	93.04571536327147	1.9005414724818834	1.9167048301500498	3.137038334096603	0.0
32.0	92.50935306807942	2.046751686283077	2.216062699691417	3.227832545946094	0.0
33.0	72.55412664821749	7.8680340767268975	7.542460252862336	12.035379022193283	0.0
34.0	72.19704003058271	8.175413685762656	7.383539948664737	12.244006334989898	0.0
35.0	60.747518610421835	9.770471464019852	10.840570719602978	18.641439205955336	0.0
36.0	61.12706667701622	10.34696887370954	11.123185593417682	17.402778855856553	0.0
37.0	60.243297690996435	10.808926080892608	10.739191073919107	18.208585154191848	0.0
38.0	60.65256141982485	10.733937843912269	10.67193675889328	17.941563977369604	0.0
39.0	60.845288871655676	11.066304769290422	11.322217913920124	16.76618844513377	0.0
40.0	60.486746240892884	11.161060300728568	10.347232987133777	18.004960471244768	0.0
41.0	60.32532920216887	11.665375677769172	10.921766072811774	17.087529047250193	0.0
42.0	60.734045040130916	10.24701940310138	11.595106366399127	17.423829190368583	0.0
43.0	60.40998356936077	11.219779359987482	10.593850246459589	17.776386824192162	0.0
44.0	60.4338599386937	10.123398569519768	11.255207105242475	18.187534386544055	0.0
45.0	60.69172457359444	11.173404927353127	11.09444093493367	17.04042956411876	0.0
46.0	58.907287417006636	11.27109831213503	11.239100871930246	18.582513398928086	0.0
47.0	58.925112976113624	11.394448030987734	10.498708844415752	19.18173014848289	0.0
48.0	59.160804842139704	10.76394568951415	11.720922623916245	18.354326844429902	0.0
49.0	59.117161716171616	11.245874587458745	11.567656765676567	18.06930693069307	0.0
50.0	57.18801996672212	11.863560732113145	11.256239600665557	19.692179700499167	0.0
51.0	57.59078681909886	11.028917283120377	12.550437121721586	18.82985877605918	0.0
52.0	57.11129991503824	11.809685641461343	12.200509770603228	18.878504672897193	0.0
53.0	56.17669720058214	11.582912421881689	12.344833490283365	19.895556887252805	0.0
54.0	57.30938606337968	11.467058112425525	11.613850271997237	19.609705552197564	0.0
55.0	55.64678137828631	12.900690016595338	12.455236265175998	18.997292339942355	0.0
56.0	56.1485532815808	11.441425546930134	11.82074805928017	20.589273112208893	0.0
57.0	54.85912981455064	12.482168330955776	12.384094151212553	20.274607703281028	0.0
58.0	54.113296049070904	12.50225509651813	13.458416020205666	19.926032834205305	0.0
59.0	54.353177135563854	12.435044215516456	13.255538335308598	19.956240313611083	0.0
60.0	53.67221251953305	12.004779851089255	12.868829855685265	21.454177773692436	0.0
61.0	53.14412910406232	12.8083843442775	12.93823038397329	21.109256167686887	0.0
62.0	52.51986909770922	13.211781206171109	12.57597007947639	21.692379616643294	0.0
63.0	53.152306680447246	12.825331203608007	12.787747815465563	21.234614300479187	0.0
64.0	52.91894955601738	12.66767428679388	12.941621008879652	21.47175514830909	0.0
65.0	52.099000475963834	12.746311280342695	13.184198000951927	21.97049024274155	0.0
66.0	52.817849586458934	12.271590690517407	13.512213887286018	21.398345835737643	0.0
67.0	52.75074670006744	12.631274689276422	14.298101936602755	20.31987667405338	0.0
68.0	51.7632241813602	12.468513853904282	13.57295097849254	22.195310986242976	0.0
69.0	52.174336973478944	13.104524180967239	13.679797191887674	21.041341653666144	0.0
70.0	52.0455214362798	13.67605219268125	13.28362601785539	20.994800353183557	0.0
71.0	51.67077378018728	13.671759487432233	13.208477082306555	21.448989650073926	0.0
72.0	51.113971680364386	12.902267551242696	14.862857708684027	21.12090305970888	0.0
73.0	51.54128258499355	14.035087719298245	13.28179205074834	21.141837644959857	0.0
74.0	52.18125807413296	13.942164364503626	12.213057736261552	21.663519825101858	0.0
75.0	50.82475257422773	13.64590622813156	14.095771268619414	21.433569929021292	0.0
76.0	50.85052843482637	13.9305485656769	13.668847508807247	21.550075490689483	0.0
77.0	50.09125937943622	13.526668018657473	13.475968363415127	22.906104238491178	0.0
78.0	51.46294219594251	12.875930268121113	14.456111734121723	21.20501580181466	0.0
79.0	51.00051308363264	13.288866085171883	14.037968188814776	21.672652642380708	0.0
80.0	49.50402975821451	14.434800578631949	13.453192808431494	22.60797685472205	0.0
81.0	50.49443114395753	13.042573123763923	14.801707088581242	21.661288643697304	0.0
82.0	49.31048892603427	13.664855829502716	14.124529878813204	22.900125365649814	0.0
83.0	49.63619107877254	14.172730148687124	13.265844142149108	22.925234630391227	0.0
84.0	50.19492150458329	13.64450532083026	13.928985354546414	22.231587820040037	0.0
85.0	50.20698439656087	14.000636875066341	14.191699394968687	21.600679333404095	0.0
86.0	50.2620040637365	13.175061490749654	13.421024489359427	23.14190995615442	0.0
87.0	49.887133182844245	12.877566376437708	14.393206492529293	22.842093948188758	0.0
88.0	49.45434900054025	13.797947055645595	14.089681253376554	22.6580226904376	0.0
89.0	50.043506634761805	14.313682836632585	13.28040026103981	22.362410267565807	0.0
90.0	50.07682177348551	14.387620719929764	13.608428446005268	21.927129060579457	0.0
91.0	49.64593936711662	13.432175260013276	14.051781367559194	22.87010400531091	0.0
92.0	49.55466488532621	14.484524604765086	13.738588287686484	22.22222222222222	0.0
93.0	49.66307277628032	13.387241689128482	15.15049415992812	21.799191374663074	0.0
94.0	49.83584286199479	14.706215328880335	13.279746405524737	22.17819540360014	0.0
95.0	50.28499772001824	13.383492932056543	14.238486092111263	22.093023255813954	0.0
96.0	49.62034054302807	13.483663138518178	14.875747814081913	22.020248504371835	0.0
97.0	49.36180088187515	12.752378742167556	14.13320956138315	23.752610814574147	0.0
98.0	49.3439550140581	14.140112464854731	13.519212746016871	22.99671977507029	0.0
99.0	48.88678351492184	13.95073424917101	14.79156797726196	22.370914258645193	0.0
100.0	49.01280363766902	13.210482230465479	15.053248773483308	22.723465358382196	0.0
101.0	49.12553905126977	14.03929084810733	14.111164350742692	22.72400574988021	0.0
102.0	49.75274393921119	13.110601857435775	14.799179833554458	22.337474369798578	0.0
103.0	47.74577712966339	14.448900230890752	14.205857333819418	23.599465305626445	0.0
104.0	48.86057338887528	13.538348444008822	13.170791472678264	24.43028669443764	0.0
105.0	48.9748023715415	12.67292490118577	15.550889328063242	22.801383399209485	0.0
106.0	47.72360749286689	15.147004093784892	14.936112144895175	22.193276268453047	0.0
107.0	49.39488459139114	14.26076107298815	13.836556456643793	22.507797878976916	0.0
108.0	49.22631777582086	14.693672160020126	15.23462070700717	20.84538935715184	0.0
109.0	48.947501902104996	14.773015470453968	14.189703271620594	22.08977935582044	0.0
110.0	48.95953019277416	14.285714285714285	13.200561726030896	23.554193795480657	0.0
111.0	50.05801211808689	13.497486141549569	13.897125177259252	22.547376563104294	0.0
112.0	49.680448676144515	13.942872049041346	14.334159384374592	22.042519890439547	0.0
113.0	49.189616550270124	13.559098695480301	14.046646461984452	23.20463829226512	0.0
114.0	48.58742004264393	13.712686567164178	15.231876332622601	22.468017057569295	0.0
115.0	48.881703045001345	14.537860414982484	14.443546213958502	22.136890326057667	0.0
116.0	49.425753276584246	13.917038238075936	13.768409674368328	22.88879881097149	0.0
117.0	47.44167007777323	15.049802155819346	14.913357893300585	22.595169873106833	0.0
118.0	49.68978353784641	13.180752791948159	13.787398317937406	23.342065352268026	0.0
119.0	49.423210562890894	13.731758165392632	14.426685198054203	22.418346073662264	0.0
120.0	50.07749753416937	13.160490348034381	14.329998590953924	22.43201352684233	0.0
121.0	49.31798806479114	14.279624893435635	14.563796533105997	21.838590508667235	0.0
122.0	47.907378110168274	14.281605062562921	14.35351646771178	23.457500359557027	0.0
123.0	48.26333381775905	14.329312599912802	14.474640313907864	22.932713268420287	0.0
124.0	48.55600933488915	14.191948658109684	14.542007001166862	22.710035005834307	0.0
125.0	50.022094564737074	13.433495360141407	14.199440271026662	22.34496980409486	0.0
126.0	49.450386215092095	14.24539512774807	14.289958407605466	22.01426024955437	0.0
127.0	49.061702447080016	15.373067107040987	14.397237652004202	21.16799279387479	0.0
128.0	50.09855951478392	14.101592115238818	13.32827899924185	22.471569370735406	0.0
129.0	49.101244430788135	14.441542479643571	13.750192041788292	22.707021047779996	0.0
130.0	49.89945862335654	13.68909512761021	14.43155452436195	21.979891724671308	0.0
131.0	48.94679357154002	13.605866749882978	14.588859416445624	22.85848026213138	0.0
132.0	49.43498328823811	14.690434505809327	14.35619926786567	21.5183829380869	0.0
133.0	48.25846354166667	13.916015625	15.608723958333334	22.216796875	0.0
134.0	47.74970721097541	14.154257988957673	14.070603981930734	24.02543081813619	0.0
135.0	47.34505719651699	13.317397985316715	14.5979170223664	24.739627795799898	0.0
136.0	47.82684283727399	14.238525730180807	15.038247566063978	22.896383866481223	0.0
137.0	47.04944178628389	14.47811447811448	15.169236221867802	23.303207513733827	0.0
138.0	46.82080924855491	14.252167630057805	15.408236994219655	23.51878612716763	0.0
139.0	44.32780847145488	15.930018416206263	15.837937384898712	23.90423572744015	0.0
140.0	42.36425339366516	14.894419306184012	14.385369532428355	28.355957767722472	0.0
141.0	45.56474889359245	13.873388493361555	15.104868193188379	25.456994419857608	0.0
142.0	46.37310792215451	14.881069392569293	15.352860231963831	23.392962453312364	0.0
143.0	46.85932169375878	14.56953642384106	15.151515151515152	23.41962673088501	0.0
144.0	46.35502471169687	14.806425041186161	14.456342668863261	24.382207578253706	0.0
145.0	41.945606694560674	17.00836820083682	14.748953974895398	26.29707112970711	0.0
146.0	39.00406069673007	17.054926266296217	17.311391322932252	26.629621714041463	0.0
147.0	39.440651838802026	17.08874697203259	19.64325038537767	23.827350803787713	0.0
148.0	40.26456254351358	16.84845671849617	20.37595729867719	22.511023439313067	0.0
149.0	36.81771369721936	19.799176107106074	21.54994850669413	21.833161688980432	0.0
150.0	5.539499036608863	30.973025048169557	31.358381502890175	32.129094412331405	0.0
