# Position (bp)	A	C	G	T	N
0.0	97.4564315352697	1.2448132780082988	0.4066390041493776	0.892116182572614	0.0
1.0	98.21724709784412	1.1194029850746268	0.2404643449419569	0.4228855721393035	0.0
2.0	98.5359669570196	1.0141904878746983	0.1717580664949086	0.27808448861080437	0.0
3.0	99.1821200097174	0.493967122843955	0.13361405781844685	0.19029880962021214	0.0
4.0	99.25607206047933	0.3900595142351616	0.1286794273765482	0.22518899790895933	0.0
5.0	99.25668385085721	0.3276985173640251	0.13587499500459577	0.27174999000919153	0.007992646764976222
6.0	99.21732220897894	0.30989272943980933	0.20659515295987285	0.26618990862137465	0.0
7.0	99.15364840814712	0.3875815701008503	0.16215147320545778	0.2966185485465691	0.0
8.0	99.1853921530046	0.3541773247806068	0.17315335878163002	0.28727716343315884	0.0
9.0	99.3537521541595	0.2389158702804324	0.1605827980573398	0.24674917750274164	0.0
10.0	99.28357279134057	0.29591558618541447	0.1985749328349492	0.22193668963906085	0.0
11.0	99.36014270756583	0.23267537906697172	0.18226238026912783	0.22491953309807267	0.0
12.0	99.37150568729515	0.20821283979178717	0.13880855986119145	0.28147291305186045	0.0
13.0	99.30653997931114	0.2643576874449255	0.19922608329182792	0.22987624995210915	0.0
14.0	99.3335364460355	0.19041815827557315	0.15233452662045852	0.32371086906847435	0.0
15.0	99.31828510831691	0.26889865171943644	0.17421602787456447	0.23860021208907742	0.0
16.0	99.28802832818504	0.24109093648760643	0.16198297295261058	0.30889776237474575	0.0
17.0	99.34311775083518	0.19143425547089074	0.1839270297661499	0.2815209639277805	0.0
18.0	99.24440787012793	0.22817386100097256	0.23191441609934915	0.29550385277175134	0.0
19.0	99.17367902357668	0.25775149723296187	0.2729133500113714	0.29565612917898565	0.0
20.0	99.2077837172634	0.22305118640156904	0.3115025189401223	0.257662577394916	0.0
21.0	99.17200437431651	0.28120606155288236	0.2538665833463521	0.29292298078425244	0.0
22.0	99.13560666137985	0.3132434575733545	0.2973830293417922	0.253766851704996	0.0
23.0	99.20289855072464	0.30193236714975846	0.249597423510467	0.24557165861513688	0.0
24.0	99.11421340517593	0.35104906522981466	0.23267205486162137	0.30206547473263123	0.0
25.0	99.15806851011143	0.3260420965744944	0.280643829962856	0.2352455633512175	0.0
26.0	99.04646902065289	0.3622584943371086	0.2831445702864757	0.30812791472351764	0.0
27.0	99.16900994669913	0.35254123473370547	0.20984597305577704	0.2644059260502791	0.004196919461115542
28.0	99.11347517730496	0.29550827423167847	0.2828436339074637	0.30817291455589324	0.0
29.0	99.1733435075671	0.334901861036924	0.18228835474161686	0.3094662766543728	0.0
30.0	99.25125499872372	0.25950821066961627	0.23823704586063135	0.25099974474602227	0.0
31.0	99.14031578499383	0.3489807209430991	0.22130484742733117	0.2893986466357407	0.0
32.0	98.43972857328089	0.49703937416259675	0.7001772053420927	0.3630548472144185	0.0
33.0	96.87599617468919	1.4982467325470195	0.8288173414089895	0.7969397513547977	0.0
34.0	97.00368530684185	1.329915077711905	0.6409229290177856	1.025476686428457	0.0
35.0	94.85389190587019	2.04292733385053	1.3705715024566847	1.7326092578226013	0.0
36.0	95.02449084815674	1.7272492910543953	1.3405516885795308	1.907708172209332	0.0
37.0	95.2112676056338	1.8181818181818181	1.2548015364916774	1.7157490396927018	0.0
38.0	94.3823080833757	2.440264361972547	1.3726487036095576	1.8047788510421965	0.0
39.0	95.6158134820071	1.8753167764825138	0.9376583882412569	1.5712113532691332	0.0
40.0	94.90972918756269	2.2818455366098296	1.2286860581745236	1.579739217652959	0.0
41.0	95.24288950415303	2.1142713314875405	1.1829851497608859	1.4598540145985401	0.0
42.0	94.89718202589489	1.904036557501904	1.4216806296014217	1.7771007870017772	0.0
43.0	94.36511983681794	2.422233554309026	1.3258541560428354	1.8867924528301887	0.0
44.0	94.87506374298827	2.4477307496175422	1.2238653748087711	1.4533401325854156	0.0
45.0	95.37301793605407	1.9755653756173643	0.9357941252924357	1.715622563036132	0.0
46.0	94.3606036536934	2.2239872915011913	1.4297061159650517	1.9857029388403495	0.0
47.0	95.2021563342318	1.6172506738544474	1.1859838274932615	1.994609164420485	0.0
48.0	94.61981883063409	2.2783420258029095	1.3450452923414769	1.7567938512215207	0.0
49.0	94.9441340782123	1.759776536312849	1.2849162011173185	2.011173184357542	0.0
50.0	94.02390438247012	1.9635742743312465	1.508252703471827	2.5042686397268072	0.0
51.0	94.07194244604317	2.446043165467626	1.525179856115108	1.9568345323741008	0.0
52.0	93.17647058823529	2.705882352941176	1.6176470588235297	2.5	0.0
53.0	93.39904420549581	2.7180406212664274	2.0908004778972518	1.7921146953405016	0.0
54.0	94.46990528567063	2.1998166819431715	1.2526733883287504	2.0776046440574394	0.0
55.0	93.95846444304594	2.2970421648835746	1.3530522341095028	2.391441157960982	0.0
56.0	94.53604914322665	2.004526349822179	1.0992563853863564	2.360168121564824	0.0
57.0	93.41755319148936	2.69281914893617	1.5625	2.327127659574468	0.0
58.0	93.45442083618917	2.2960932145305004	1.782042494859493	2.467443454420836	0.0
59.0	93.33333333333333	1.9047619047619049	2.18694885361552	2.5749559082892417	0.0
60.0	92.62589928057554	2.9136690647482015	2.050359712230216	2.4100719424460433	0.0
61.0	93.12752664461595	2.535832414553473	1.800808526277104	2.535832414553473	0.0
62.0	93.30559757942511	2.6096822995461424	1.588502269288956	2.496217851739788	0.0
63.0	92.29893778452201	3.0728376327769347	1.7450682852807284	2.8831562974203337	0.0
64.0	92.49329758713137	2.795863653772501	1.9915741095365762	2.719264649559556	0.0
65.0	92.85436893203884	2.9902912621359223	1.9805825242718444	2.174757281553398	0.0
66.0	93.24810227726728	2.5169796244506593	1.6779864163004392	2.556931681981622	0.0
67.0	91.71668667466987	3.481392557022809	1.8407362945178072	2.9611844737895154	0.0
68.0	91.58536585365854	3.2113821138211383	1.7479674796747966	3.4552845528455287	0.0
69.0	91.32044426162074	3.414232825997532	2.1801727684080627	3.0851501439736735	0.0
70.0	90.39264828738513	3.4252297410192147	2.7151211361737677	3.4670008354218877	0.0
71.0	91.25315391084945	3.406223717409588	2.4390243902439024	2.9015979814970563	0.0
72.0	91.46393512590696	3.286384976525822	2.390098164746052	2.8595817328211695	0.0
73.0	90.78321073128515	3.851146689744699	2.4231934227607095	2.942449156209433	0.0
74.0	89.96105581999134	3.764604067503245	2.5530073561228903	3.7213327563825187	0.0
75.0	89.6611642050391	4.561251086012163	2.9105125977410946	2.8670721112076456	0.0
76.0	90.14886164623468	4.378283712784588	2.0577933450087564	3.4150612959719786	0.0
77.0	90.69973427812224	3.4986713906111606	1.4614703277236492	4.340124003542958	0.0
78.0	90.71748878923766	3.1838565022421523	2.9596412556053813	3.1390134529147984	0.0
79.0	92.01468563561266	3.2124827902707667	2.1110601193207894	2.6617714547957783	0.0
80.0	91.10486891385767	2.8089887640449436	1.9194756554307115	4.166666666666666	0.0
81.0	91.28787878787878	3.125	2.367424242424242	3.2196969696969697	0.0
82.0	89.9290780141844	4.58628841607565	1.7966903073286054	3.6879432624113475	0.0
83.0	90.14016433059449	4.349927501208313	1.7883035282745288	3.7216046399226683	0.0
84.0	90.59382422802851	4.608076009501188	1.520190023752969	3.27790973871734	0.0
85.0	91.29389129389129	3.6075036075036073	1.9721019721019721	3.1265031265031267	0.0
86.0	91.19373776908023	3.6203522504892365	2.3483365949119372	2.8375733855185907	0.0
87.0	90.35131123206334	3.908955962394854	2.6719445818901533	3.067788223651658	0.0
88.0	90.28542814221332	4.106159238858288	2.8042063094641962	2.8042063094641962	0.0
89.0	90.85396664982315	3.1834259727134917	2.0717534108135425	3.890853966649823	0.0
90.0	89.15167095115682	4.5244215938303345	2.313624678663239	4.010282776349614	0.0
91.0	90.40742650850953	3.2490974729241873	2.2692109334708612	4.074265085095409	0.0
92.0	89.89690721649485	4.484536082474227	2.6288659793814433	2.9896907216494846	0.0
93.0	90.28776978417267	3.802672147995889	2.2610483042137717	3.6485097636176773	0.0
94.0	90.22633744855966	4.372427983539095	2.5205761316872426	2.880658436213992	0.0
95.0	90.35897435897436	3.3846153846153846	2.666666666666667	3.5897435897435894	0.0
96.0	90.83333333333333	3.177083333333333	2.864583333333333	3.125	0.0
97.0	91.05431309904152	2.2364217252396164	2.9818956336528224	3.727369542066028	0.0
98.0	89.94018488308863	3.2082653616095707	2.936378466557912	3.915171288743882	0.0
99.0	90.43141592920354	4.092920353982301	2.3230088495575223	3.1526548672566372	0.0
100.0	90.5167518455423	4.088586030664395	2.2146507666098807	3.1800113571834183	0.0
101.0	89.98330550918196	4.340567612687813	2.11463550361714	3.5614913745130776	0.0
102.0	89.78555304740406	4.796839729119639	1.8623024830699775	3.5553047404063203	0.0
103.0	90.6643757159221	2.6345933562428407	2.5773195876288657	4.123711340206185	0.0
104.0	89.78772231784279	3.671830177854274	2.9259896729776247	3.614457831325301	0.0
105.0	89.6209912536443	3.7900874635568513	2.39067055393586	4.198250728862974	0.0
106.0	89.06976744186046	4.534883720930233	2.3255813953488373	4.069767441860465	0.0
107.0	88.30945558739255	5.444126074498568	2.2349570200573066	4.011461318051576	0.0
108.0	88.8507718696398	5.202973127501429	2.172670097198399	3.7735849056603774	0.0
109.0	89.89667049368542	4.535017221584385	2.2388059701492535	3.329506314580941	0.0
110.0	89.69555035128806	3.747072599531616	2.5175644028103044	4.039812646370024	0.0
111.0	90.97303634232122	3.458382180539273	2.1101992966002343	3.458382180539273	0.0
112.0	89.35790725326991	4.875148632580261	2.4970273483947683	3.2699167657550534	0.0
113.0	89.62207558488302	3.779244151169766	2.8194361127774443	3.779244151169766	0.0
114.0	91.07142857142857	3.263546798029557	2.2167487684729066	3.4482758620689653	0.0
115.0	89.60709759188846	4.3726235741444865	2.7249683143219268	3.2953105196451205	0.0
116.0	88.94472361809045	4.208542713567839	2.638190954773869	4.208542713567839	0.0
117.0	88.57142857142857	5.142857142857142	2.6031746031746033	3.6825396825396823	0.0
118.0	89.36305732484077	4.777070063694268	2.7388535031847137	3.121019108280255	0.0
119.0	89.45686900958466	4.281150159744409	2.619808306709265	3.642172523961661	0.0
120.0	89.30857874519846	4.609475032010243	2.496798975672215	3.585147247119078	0.0
121.0	90.0064892926671	3.5691109669046073	2.0765736534717716	4.3478260869565215	0.0
122.0	89.46335078534031	4.12303664921466	2.945026178010471	3.4685863874345553	0.0
123.0	89.03479973736047	4.79317137229153	2.757715036112935	3.4143138542350626	0.0
124.0	88.49154746423928	4.9414824447334205	2.990897269180754	3.5760728218465543	0.0
125.0	89.18393782383419	4.66321243523316	3.173575129533679	2.9792746113989637	0.0
126.0	89.15741345525801	4.637491835401699	2.939255388634879	3.2658393207054215	0.0
127.0	89.8876404494382	4.097818902842035	2.7098479841374754	3.304692663582287	0.0
128.0	89.58333333333334	4.233870967741935	1.9489247311827957	4.233870967741935	0.0
129.0	89.74358974358975	4.385964912280701	2.766531713900135	3.1039136302294197	0.0
130.0	91.37931034482759	3.379310344827586	2.5517241379310347	2.689655172413793	0.0
131.0	89.90318118948825	4.564315352697095	2.143845089903181	3.38865836791148	0.0
132.0	91.54727793696274	2.865329512893983	2.005730659025788	3.5816618911174785	0.0
133.0	92.05642167780252	1.7817371937639197	1.855976243504083	4.305864884929473	0.0
134.0	90.28892455858748	2.648475120385233	2.4879614767255216	4.574638844301766	0.0
135.0	91.37353433835847	2.5963149078726966	2.512562814070352	3.5175879396984926	0.0
136.0	90.98862642169728	2.974628171478565	2.2747156605424323	3.762029746281715	0.0
137.0	91.14155251141553	2.5570776255707766	2.8310502283105023	3.4703196347031966	0.0
138.0	89.61904761904762	2.857142857142857	2.761904761904762	4.761904761904762	0.0
139.0	89.85943775100401	4.016064257028113	2.3092369477911645	3.815261044176707	0.0
140.0	87.96592119275826	2.9818956336528224	3.407880724174654	5.644302449414271	0.0
141.0	87.64044943820225	3.033707865168539	3.8202247191011236	5.50561797752809	0.0
142.0	88.05256869772998	2.7479091995221028	4.4205495818399045	4.778972520908005	0.0
143.0	87.8048780487805	3.979460847240052	3.209242618741977	5.006418485237484	0.0
144.0	85.10344827586206	4.137931034482759	4.689655172413794	6.068965517241379	0.0
145.0	86.08695652173914	3.0434782608695654	3.91304347826087	6.956521739130435	0.0
146.0	87.71929824561403	3.0303030303030303	2.711323763955343	6.539074960127592	0.0
147.0	83.85416666666666	3.9930555555555554	5.208333333333334	6.944444444444445	0.0
148.0	82.6086956521739	3.7549407114624502	7.114624505928854	6.521739130434782	0.0
149.0	79.65260545905707	6.451612903225806	7.444168734491314	6.451612903225806	0.0
150.0	6.349206349206349	22.22222222222222	28.57142857142857	42.857142857142854	0.0
