# Position (bp)	A	C	G	T	N
0.0	63.032679738562095	17.934640522875817	11.555555555555555	7.477124183006537	0.0
1.0	67.55555555555556	7.006535947712418	8.287581699346406	17.15032679738562	0.0
2.0	67.0379746835443	11.240506329113924	6.582278481012659	15.139240506329113	0.0
3.0	73.2089552238806	7.761194029850746	7.860696517412935	11.16915422885572	0.0
4.0	73.16773241515003	6.935563207083129	9.345794392523365	10.550909985243482	0.0
5.0	75.15240185320653	6.559375762009266	6.998293099244086	11.289929285540111	0.0
6.0	69.6104524558432	7.86353738204694	7.815146382772804	14.710863779337044	0.0
7.0	70.9156626506024	8.481927710843372	7.46987951807229	13.132530120481928	0.0
8.0	70.86330935251799	7.649880095923262	7.3621103117506	14.124700239808153	0.0
9.0	74.87473156764496	5.654974946313529	8.088761632068717	11.381531853972799	0.0
10.0	73.39035400332621	7.935376574008078	8.434307436445712	10.239961986220004	0.0
11.0	71.83198860939724	7.214048410061699	8.16326530612245	12.790697674418606	0.0
12.0	71.8306527909177	7.095553453169347	8.91674550614948	12.157048249763482	0.0
13.0	73.4636213797975	7.157993878031552	8.005651047798445	11.3727336943725	0.0
14.0	73.12837362121569	7.111006805914105	7.9324102323398265	11.828209340530393	0.0
15.0	73.17757009345794	6.565420560747663	7.897196261682243	12.35981308411215	0.0
16.0	72.58965999068468	6.846762925011644	8.104331625523988	12.459245458779693	0.0
17.0	73.06797020484171	7.65828677839851	6.936685288640596	12.33705772811918	0.0
18.0	74.70410768159665	6.451612903225806	7.65838941749826	11.185889997679276	0.0
19.0	70.27811366384522	8.295042321644498	8.827085852478838	12.599758162031439	0.0
20.0	70.87674714104193	8.614993646759848	8.18297331639136	12.325285895806863	0.0
21.0	69.27791100452971	8.26005861977085	9.725552891020516	12.736477484678923	0.0
22.0	66.7794698251551	8.855047941342358	9.30626057529611	15.059221658206429	0.0
23.0	64.43640747438216	9.915611814345992	10.397830018083184	15.250150693188669	0.0
24.0	62.57124762507916	9.214692843571882	10.671310956301456	17.542748575047497	0.0
25.0	61.57161803713528	9.913793103448276	11.007957559681698	17.50663129973475	0.0
26.0	58.1500872600349	9.319371727748692	11.76265270506108	20.76788830715532	0.0
27.0	55.788313120176404	12.973171628077912	13.009922822491731	18.22859242925395	0.0
28.0	54.93119266055045	10.51223241590214	12.42354740061162	22.13302752293578	0.0
29.0	54.158454867954276	12.022073314938904	12.258573117855736	21.560898699251084	0.0
30.0	52.60185558693021	14.037918515530457	13.27148043565954	20.08874546187979	0.0
31.0	49.185004074979624	14.751426242868787	13.365933170334149	22.69763651181744	0.0
32.0	52.16316440049443	11.784095591264936	13.267408323032551	22.785331685208078	0.0
33.0	46.415770609319	15.0089605734767	14.292114695340501	24.2831541218638	0.0
34.0	49.43566591422122	14.627539503386005	12.18961625282167	23.747178329571106	0.0
35.0	45.40257265364459	15.531205335874226	15.340638399237733	23.72558361124345	0.0
36.0	44.34947768281102	16.286799620132953	16.429249762583094	22.934472934472936	0.0
37.0	44.0419447092469	15.586272640610105	14.871306005719735	25.50047664442326	0.0
38.0	43.29065908013276	14.366998577524893	16.31104788999526	26.03129445234708	0.0
39.0	47.70468528159015	14.718409843823945	16.611452910553716	20.96545196403218	0.0
40.0	46.49081488459727	15.732454074422986	13.942534149788036	23.83419689119171	0.0
41.0	45.684803001876176	14.399624765478425	14.634146341463413	25.281425891181993	0.0
42.0	46.30495790458372	13.002806361085126	16.978484565014032	23.713751169317117	0.0
43.0	45.547785547785544	15.058275058275058	14.592074592074592	24.801864801864802	0.0
44.0	45.53860379103097	14.470642625982432	15.950069348127602	24.040684234858993	0.0
45.0	46.72811059907834	15.714285714285714	15.391705069124423	22.16589861751152	0.0
46.0	46.65127020785219	16.258660508083143	15.103926096997691	21.986143187066975	0.0
47.0	45.72748267898383	13.210161662817551	15.05773672055427	26.00461893764434	0.0
48.0	44.59770114942529	13.977011494252872	14.390804597701148	27.034482758620687	0.0
49.0	48.32491968793025	14.043139054612208	15.190454336851767	22.441486920605783	0.0
50.0	46.27487274409995	14.345210550670986	15.594632114761684	23.785284590467377	0.0
51.0	46.21458430097538	14.630747793776127	15.420343706456109	23.734324198792383	0.0
52.0	45.85456229735989	16.072255673923113	15.470125057897175	22.603056970819825	0.0
53.0	45.11970534069982	15.193370165745856	16.25230202578269	23.43462246777164	0.0
54.0	46.150278293135436	14.61038961038961	14.981447124304268	24.257884972170686	0.0
55.0	44.413145539906104	16.525821596244132	15.352112676056336	23.708920187793428	0.0
56.0	45.274102079395085	14.177693761814744	13.705103969754253	26.84310018903592	0.0
57.0	45.588235294117645	15.037950664136623	14.990512333965844	24.383301707779886	0.0
58.0	45.29467680608365	16.159695817490494	13.498098859315588	25.04752851711027	0.0
59.0	45.42857142857143	14.809523809523808	17.19047619047619	22.57142857142857	0.0
60.0	44.40742503569729	14.945264159923846	14.32651118514993	26.32079961922894	0.0
61.0	45.25059665871122	14.51073985680191	14.51073985680191	25.727923627684962	0.0
62.0	44.30076628352491	14.703065134099615	15.708812260536398	25.287356321839084	0.0
63.0	45.53231939163498	14.923954372623575	14.87642585551331	24.667300380228138	0.0
64.0	44.44444444444444	15.289648622981955	14.767331433998102	25.498575498575498	0.0
65.0	47.37845567206864	15.15729265967588	14.775977121067681	22.6882745471878	0.0
66.0	45.92663172939495	13.863744640304906	15.15007146260124	25.059552167698907	0.0
67.0	45.15975202670482	15.35526943252265	15.97520267048164	23.50977587029089	0.0
68.0	44.054950260540025	14.353387020369492	16.011369019422077	25.580293699668406	0.0
69.0	45.41176470588235	14.117647058823529	15.435294117647057	25.035294117647062	0.0
70.0	45.17931998136935	16.581276199347926	13.786679087098278	24.452724732184443	0.0
71.0	46.36871508379888	14.106145251396649	15.037243947858473	24.487895716945996	0.0
72.0	45.843009753831865	16.209939619136087	15.002322340919646	22.9447282861124	0.0
73.0	47.785547785547784	14.638694638694638	14.918414918414918	22.657342657342657	0.0
74.0	46.48275862068966	15.172413793103448	15.2183908045977	23.126436781609193	0.0
75.0	46.333783175888435	16.824111560953668	14.48493027440396	22.357174988753936	0.0
76.0	48.374164810690424	15.14476614699332	14.342984409799556	22.1380846325167	0.0
77.0	48.826914563966355	15.980522355024346	12.70473660911908	22.48782647189022	0.0
78.0	50.75221238938054	13.849557522123893	13.672566371681416	21.725663716814157	0.0
79.0	49.4931687968268	12.604671661524902	13.882767739092111	24.019391802556193	0.0
80.0	49.75845410628019	14.40491875274484	13.131313131313133	22.705314009661837	0.0
81.0	51.693796744390674	12.670479542454904	12.978442586889575	22.65728112626485	0.0
82.0	49.52048823016565	14.123801220575412	14.385353095030515	21.970357454228424	0.0
83.0	49.50833689610945	15.86147926464301	13.33903377511757	21.291150064129972	0.0
84.0	51.64835164835166	13.398140321217245	13.398140321217245	21.55536770921386	0.0
85.0	53.57890330682294	13.311008790288822	12.766848053578903	20.343239849309334	0.0
86.0	52.71578947368422	13.347368421052632	12.463157894736842	21.47368421052632	0.0
87.0	53.91414141414141	12.037037037037036	14.015151515151514	20.033670033670035	0.0
88.0	54.42609063955951	14.90893689114782	12.621770436255824	18.04320203303685	0.0
89.0	54.141759180187876	13.45004269854825	11.272416737830913	21.135781383432963	0.0
90.0	54.85665382969619	11.51048352588789	13.735558408215661	19.897304236200256	0.0
91.0	54.29805615550756	13.779697624190065	12.44060475161987	19.481641468682508	0.0
92.0	52.930959617889705	12.635692574902302	12.462006079027356	21.971341728180636	0.0
93.0	54.90623637156563	10.815525512429131	13.475795900566942	20.80244221543829	0.0
94.0	52.60393873085339	13.566739606126916	13.522975929978118	20.306345733041574	0.0
95.0	54.83584738243123	12.422360248447205	13.087843833185447	19.653948535936113	0.0
96.0	55.51093261936635	11.958946898705936	13.386880856760374	19.143239625167336	0.0
97.0	51.33665609424558	12.913457181694607	15.496148618033528	20.25373810602628	0.0
98.0	55.67765567765568	11.034798534798535	12.912087912087914	20.375457875457876	0.0
99.0	54.35992578849722	12.940630797773656	12.940630797773656	19.758812615955474	0.0
100.0	54.63529411764706	12.329411764705881	15.2	17.835294117647056	0.0
101.0	52.646502835538755	12.618147448015124	12.145557655954631	22.589792060491494	0.0
102.0	54.440154440154444	10.907335907335908	14.478764478764477	20.173745173745175	0.0
103.0	50.737463126843664	13.815142576204522	14.503441494591938	20.943952802359885	0.0
104.0	54.06626506024096	11.74698795180723	13.353413654618473	20.833333333333336	0.0
105.0	50.89697590978985	11.68631471040492	15.171706817016913	22.24500256278831	0.0
106.0	50.99164926931107	13.830897703549061	15.083507306889352	20.093945720250524	0.0
107.0	49.91991457554725	14.682327816337427	13.614522156967432	21.783235451147892	0.0
108.0	47.95862819814916	14.099074578116493	14.316820903647251	23.6254763200871	0.0
109.0	49.638286032276014	14.468558708959378	14.134668892598775	21.758486366165833	0.0
110.0	49.46236559139785	14.544425580079231	13.978494623655912	22.014714204867005	0.0
111.0	48.75937680323139	14.714368147720716	14.310444316214657	22.215810732833237	0.0
112.0	46.86217008797654	13.72434017595308	14.780058651026392	24.633431085043988	0.0
113.0	47.00239808153477	15.347721822541965	14.508393285371701	23.14148681055156	0.0
114.0	47.697974217311234	13.68937998772253	14.487415592387967	24.12523020257827	0.0
115.0	48.60161591050342	14.108141702921067	17.153511497824738	20.136730888750776	0.0
116.0	47.0074812967581	15.586034912718205	14.33915211970075	23.067331670822945	0.0
117.0	45.05356017643352	15.500945179584122	16.698172652804033	22.747321991178325	0.0
118.0	48.90885750962773	14.249037227214378	14.505776636713735	22.33632862644416	0.0
119.0	45.5541237113402	15.399484536082475	13.466494845360824	25.579896907216494	0.0
120.0	48.217757615035644	13.609850939727803	15.10045366169799	23.071937783538562	0.0
121.0	48.0	13.377049180327868	16.459016393442624	22.16393442622951	0.0
122.0	45.55628703094141	15.404871626069783	14.812376563528638	24.226464779460173	0.0
123.0	49.4750656167979	14.10761154855643	13.648293963254593	22.769028871391075	0.0
124.0	46.989528795811516	15.44502617801047	14.594240837696335	22.971204188481675	0.0
125.0	47.80327868852459	14.62295081967213	15.475409836065573	22.098360655737707	0.0
126.0	49.369608493696084	13.86861313868613	13.60318513603185	23.158593231585932	0.0
127.0	49.30417495029821	14.645460569913851	13.850231941683234	22.200132538104704	0.0
128.0	46.760187040748164	15.564462257849032	14.428857715430862	23.246492985971944	0.0
129.0	49.9331550802139	14.572192513368984	13.970588235294118	21.524064171122994	0.0
130.0	49.966193373901284	13.995943204868155	15.077755240027047	20.960108181203516	0.0
131.0	49.966055668703326	15.274949083503056	12.287847929395792	22.471147318397826	0.0
132.0	49.14207275223061	14.070006863417984	15.236787920384351	21.551132463967054	0.0
133.0	49.47880472550382	15.427380125086865	14.037526059763724	21.05628908964559	0.0
134.0	49.929676511954995	14.135021097046414	12.165963431786217	23.769338959212376	0.0
135.0	49.892933618843685	14.132762312633835	13.77587437544611	22.198429693076374	0.0
136.0	50.10909090909092	12.654545454545454	14.981818181818182	22.254545454545454	0.0
137.0	48.48260547742413	15.914137675795706	13.76757957068838	21.835677276091783	0.0
138.0	48.796992481203006	13.684210526315791	14.736842105263156	22.781954887218046	0.0
139.0	48.35249042145594	16.85823754789272	13.026819923371647	21.762452107279692	0.0
140.0	45.3551912568306	13.583138173302109	13.583138173302109	27.478532396565186	0.0
141.0	45.440126883425854	12.926249008723238	15.78112609040444	25.852498017446475	0.0
142.0	49.717514124293785	13.882163034705409	12.832929782082324	23.56739305891848	0.0
143.0	49.17218543046358	13.57615894039735	13.990066225165561	23.26158940397351	0.0
144.0	45.4468085106383	14.297872340425533	15.914893617021278	24.340425531914896	0.0
145.0	45.84426946631671	15.660542432195976	12.685914260717409	25.809273840769904	0.0
146.0	44.38502673796791	13.903743315508022	16.39928698752228	25.311942959001783	0.0
147.0	42.201834862385326	16.14678899082569	18.990825688073397	22.660550458715598	0.0
148.0	44.47674418604651	15.406976744186046	20.930232558139537	19.186046511627907	0.0
149.0	37.95698924731183	17.20430107526882	22.365591397849464	22.473118279569892	0.0
150.0	2.1551724137931036	29.95689655172414	35.3448275862069	32.543103448275865	0.0
