# Position (bp)	A	C	G	T	N
0.0	90.31645569620254	4.493670886075949	2.8164556962025316	2.3734177215189876	0.0
1.0	90.60126582278481	3.132911392405063	2.0569620253164556	4.208860759493671	0.0
2.0	91.60424469413233	2.9962546816479403	1.2484394506866416	4.151061173533083	0.0
3.0	93.20418204182042	2.367773677736777	1.7220172201722017	2.706027060270603	0.0
4.0	93.8700823421775	1.555352241537054	1.9823116803903629	2.59225373589509	0.0
5.0	93.79352104147745	2.0587344838026036	1.6046018770814412	2.5431425976385107	0.0
6.0	92.7822701407607	2.4558250973345315	1.287810721772986	3.474094040131776	0.0
7.0	93.41477949940405	2.294398092967819	1.4600715137067939	2.830750893921335	0.0
8.0	93.38278931750742	1.5727002967359052	1.661721068249258	3.3827893175074184	0.0
9.0	94.05882352941177	1.7058823529411766	1.7941176470588234	2.441176470588235	0.0
10.0	93.53899883585565	1.7171129220023285	2.2409778812572756	2.5029103608847496	0.0
11.0	93.18509962460294	2.194628934449899	1.992492058908461	2.6277793820386948	0.0
12.0	93.47639484978541	1.7739628040057225	2.0314735336194563	2.7181688125894135	0.0
13.0	93.37094499294781	2.1438645980253876	1.7207334273624826	2.764456981664316	0.0
14.0	93.64145658263305	1.4565826330532212	1.4845938375350138	3.4173669467787113	0.0
15.0	94.14539400665927	1.6925638179800222	1.6370699223085463	2.524972253052164	0.0
16.0	93.77067254685777	1.5435501653803747	1.7916207276736495	2.8941565600882027	0.0
17.0	94.08705173829729	1.5329865863673693	1.806734191075828	2.5732274842595126	0.0
18.0	94.49741214927812	1.5527104331244892	1.6616725687823481	2.288204848815037	0.0
19.0	93.25440528634361	1.4317180616740088	1.789647577092511	3.524229074889868	0.0
20.0	93.98496240601504	1.949317738791423	1.7822333611807295	2.2834864940128097	0.0
21.0	93.01075268817203	1.6411997736276174	2.2920203735144313	3.0560271646859083	0.0
22.0	93.0279458369346	2.016709881878421	2.045520023048113	2.909824258138865	0.0
23.0	93.70773301970009	2.1464275213172597	2.028815054395766	2.117024404586886	0.0
24.0	93.60239162929746	1.4648729446935727	2.0029895366218233	2.9297458893871453	0.0
25.0	92.10765043846386	1.8445721197459932	2.11672210462655	3.9310553371635923	0.0
26.0	92.41358213520955	1.743652493117161	2.0801468338941573	3.7626185377791375	0.0
27.0	92.94298921417565	1.7565485362095532	1.848998459167951	3.4514637904468413	0.0
28.0	93.65671641791045	1.3370646766169154	1.9278606965174128	3.078358208955224	0.0
29.0	92.61912176891934	2.055434444098412	2.42914979757085	2.8962939894113986	0.0
30.0	92.94851794071762	2.1216848673946958	1.5288611544461779	3.400936037441497	0.0
31.0	93.0872693149828	1.876759461995621	1.8454801376290273	3.190491085392556	0.0
32.0	92.50474383301707	2.0872865275142316	2.4984187223276404	2.90955091714105	0.0
33.0	84.58093410108766	4.478566858605246	4.222648752399232	6.71785028790787	0.0
34.0	84.65982028241335	4.7496790757381255	3.3376123234916557	7.2528883183568675	0.0
35.0	79.9469964664311	7.332155477031802	4.946996466431095	7.773851590106007	0.0
36.0	81.27772848269743	5.678793256433008	5.944986690328305	7.09849157054126	0.0
37.0	82.41071428571428	4.196428571428571	5.625	7.767857142857143	0.0
38.0	79.00355871886121	5.338078291814947	7.473309608540925	8.185053380782918	0.0
39.0	79.90990990990991	6.126126126126126	5.9459459459459465	8.018018018018019	0.0
40.0	79.42238267148014	5.324909747292419	5.505415162454874	9.747292418772563	0.0
41.0	78.971119133574	5.866425992779783	5.956678700361011	9.2057761732852	0.0
42.0	78.30882352941177	6.0661764705882355	5.330882352941177	10.294117647058822	0.0
43.0	78.54477611940298	7.369402985074627	4.9440298507462686	9.14179104477612	0.0
44.0	78.71148459383754	7.376283846872083	5.228758169934641	8.683473389355742	0.0
45.0	78.4629981024668	8.72865275142315	4.838709677419355	7.969639468690702	0.0
46.0	78.00788954635108	7.001972386587771	4.832347140039447	10.157790927021697	0.0
47.0	76.84630738522954	7.0858283433133735	6.786427145708583	9.281437125748502	0.0
48.0	77.18052738336714	5.172413793103448	6.389452332657202	11.257606490872211	0.0
49.0	75.40816326530613	5.918367346938775	6.224489795918367	12.448979591836734	0.0
50.0	76.08247422680412	6.701030927835052	6.288659793814433	10.927835051546392	0.0
51.0	75.20833333333333	8.4375	7.291666666666667	9.0625	0.0
52.0	75.60975609756098	8.48356309650053	6.256627783669141	9.650053022269352	0.0
53.0	75.70498915401302	6.832971800433839	6.616052060737528	10.84598698481562	0.0
54.0	72.75711159737418	7.11159737417943	7.768052516411379	12.36323851203501	0.0
55.0	72.66514806378133	7.061503416856492	9.681093394077449	10.592255125284739	0.0
56.0	72.33796296296296	7.638888888888889	8.796296296296296	11.226851851851851	0.0
57.0	73.96937573616019	6.478209658421672	8.95170789163722	10.60070671378092	0.0
58.0	70.67484662576688	10.552147239263803	9.079754601226995	9.69325153374233	0.0
59.0	70.83854818523155	6.132665832290362	9.136420525657071	13.892365456821027	0.0
60.0	71.7557251908397	9.669211195928753	6.361323155216285	12.213740458015266	0.0
61.0	69.10039113428944	8.865710560625816	6.51890482398957	15.514993481095177	0.0
62.0	67.83310901749664	10.094212651413189	9.01749663526245	13.055181695827725	0.0
63.0	66.84782608695652	8.016304347826086	8.152173913043478	16.983695652173914	0.0
64.0	67.16826265389876	8.755129958960328	9.575923392612859	14.500683994528044	0.0
65.0	67.76859504132231	8.81542699724518	8.539944903581267	14.87603305785124	0.0
66.0	69.60227272727273	6.25	9.517045454545455	14.630681818181818	0.0
67.0	67.32394366197182	9.014084507042254	8.309859154929578	15.352112676056336	0.0
68.0	67.95977011494253	8.189655172413794	8.764367816091955	15.086206896551724	0.0
69.0	70.10309278350515	8.24742268041237	8.836524300441827	12.812960235640647	0.0
70.0	68.21480406386067	8.99854862119013	9.288824383164005	13.497822931785198	0.0
71.0	66.37298091042585	10.279001468428781	9.544787077826726	13.803230543318648	0.0
72.0	64.87294469357249	8.968609865470851	9.715994020926756	16.442451420029897	0.0
73.0	66.96969696969697	8.787878787878787	7.878787878787878	16.363636363636363	0.0
74.0	64.94688922610014	9.863429438543248	11.229135053110774	13.960546282245827	0.0
75.0	64.04160475482912	13.075780089153048	11.144130757800893	11.738484398216938	0.0
76.0	65.929203539823	10.914454277286136	8.4070796460177	14.749262536873156	0.0
77.0	66.96562032884903	6.278026905829597	11.80866965620329	14.947683109118087	0.0
78.0	65.50680786686837	9.07715582450832	10.287443267776098	15.128593040847202	0.0
79.0	68.70229007633588	9.007633587786259	8.854961832061068	13.435114503816795	0.0
80.0	70.01545595054097	8.65533230293663	8.0370942812983	13.292117465224113	0.0
81.0	67.13615023474179	8.607198748043817	10.328638497652582	13.928012519561817	0.0
82.0	65.78947368421053	11.76470588235294	8.823529411764707	13.622291021671826	0.0
83.0	61.34969325153374	14.570552147239264	8.742331288343557	15.337423312883436	0.0
84.0	67.96992481203009	8.571428571428571	9.924812030075188	13.533834586466165	0.0
85.0	68.3969465648855	8.549618320610687	10.076335877862595	12.977099236641221	0.0
86.0	67.80715396578539	9.17573872472784	9.331259720062208	13.685847589424572	0.0
87.0	69.4620253164557	6.962025316455696	9.49367088607595	14.082278481012658	0.0
88.0	68.77971473851031	12.044374009508717	6.497622820919176	12.678288431061807	0.0
89.0	68.15286624203821	8.75796178343949	6.528662420382165	16.560509554140125	0.0
90.0	68.77022653721683	9.70873786407767	10.679611650485436	10.841423948220065	0.0
91.0	69.10569105691057	12.357723577235772	7.317073170731707	11.219512195121952	0.0
92.0	66.99346405228758	10.130718954248366	8.169934640522875	14.705882352941178	0.0
93.0	67.32673267326733	9.735973597359736	9.075907590759076	13.861386138613863	0.0
94.0	65.625	10.361842105263158	8.05921052631579	15.953947368421053	0.0
95.0	70.40133779264214	9.03010033444816	9.03010033444816	11.538461538461538	0.0
96.0	68.08873720136519	7.679180887372014	6.825938566552901	17.4061433447099	0.0
97.0	67.6923076923077	7.6923076923076925	9.572649572649574	15.042735042735043	0.0
98.0	69.19104991394148	7.74526678141136	7.228915662650602	15.834767641996558	0.0
99.0	67.95096322241682	9.632224168126093	8.581436077057793	13.835376532399298	0.0
100.0	68.21428571428572	8.571428571428571	7.5	15.714285714285714	0.0
101.0	68.37294332723948	10.420475319926874	9.87202925045704	11.3345521023766	0.0
102.0	68.90130353817506	9.31098696461825	11.54562383612663	10.05586592178771	0.186219739292365
103.0	68.4108527131783	8.720930232558139	9.689922480620156	13.178294573643413	0.0
104.0	65.0	9.2	11.600000000000001	14.2	0.0
105.0	66.93711967545639	10.344827586206897	9.330628803245435	13.387423935091277	0.0
106.0	65.53191489361701	9.574468085106384	9.787234042553191	15.106382978723405	0.0
107.0	65.08620689655173	11.637931034482758	9.913793103448276	13.36206896551724	0.0
108.0	66.66666666666666	9.492273730684326	11.479028697571744	12.362030905077264	0.0
109.0	58.57461024498887	15.590200445434299	12.47216035634744	13.3630289532294	0.0
110.0	63.57466063348416	8.597285067873303	10.180995475113122	17.647058823529413	0.0
111.0	64.90825688073394	11.009174311926607	9.403669724770642	14.678899082568808	0.0
112.0	67.5925925925926	11.342592592592593	6.944444444444445	14.120370370370368	0.0
113.0	60.0	13.176470588235295	10.352941176470589	16.470588235294116	0.0
114.0	64.70588235294117	10.294117647058822	8.333333333333332	16.666666666666664	0.0
115.0	63.092269326683294	11.970074812967582	9.72568578553616	15.211970074812967	0.0
116.0	60.83743842364532	11.822660098522167	11.576354679802956	15.763546798029557	0.0
117.0	64.45012787723785	10.230179028132993	12.020460358056265	13.299232736572892	0.0
118.0	60.629921259842526	12.860892388451445	10.498687664041995	16.010498687664043	0.0
119.0	62.601626016260155	10.840108401084011	9.75609756097561	16.802168021680217	0.0
120.0	65.77540106951871	8.823529411764707	10.16042780748663	15.240641711229946	0.0
121.0	62.603878116343495	11.080332409972298	11.911357340720222	14.40443213296399	0.0
122.0	59.44444444444444	8.333333333333332	11.666666666666666	20.555555555555554	0.0
123.0	59.66850828729282	13.812154696132598	12.430939226519337	14.088397790055248	0.0
124.0	61.53846153846154	14.285714285714285	8.791208791208792	15.384615384615385	0.0
125.0	64.64088397790056	11.32596685082873	8.56353591160221	15.469613259668508	0.0
126.0	60.95505617977528	12.640449438202248	8.98876404494382	17.134831460674157	0.2808988764044944
127.0	64.87252124645893	11.048158640226628	9.91501416430595	14.164305949008499	0.0
128.0	60.982658959537574	13.583815028901732	9.826589595375722	15.606936416184972	0.0
129.0	67.3469387755102	9.329446064139942	11.9533527696793	11.370262390670554	0.0
130.0	65.21739130434783	11.594202898550725	8.695652173913043	14.492753623188406	0.0
131.0	64.43148688046647	10.495626822157435	9.620991253644315	15.451895043731778	0.0
132.0	65.45454545454545	8.181818181818182	11.212121212121213	15.151515151515152	0.0
133.0	64.70588235294117	10.526315789473683	10.8359133126935	13.93188854489164	0.0
134.0	66.66666666666666	10.256410256410255	11.217948717948719	11.858974358974358	0.0
135.0	64.54849498327759	9.698996655518394	11.705685618729097	14.046822742474916	0.0
136.0	65.51724137931035	11.03448275862069	8.620689655172415	14.827586206896552	0.0
137.0	63.63636363636363	8.041958041958042	11.888111888111888	16.433566433566433	0.0
138.0	60.66176470588235	12.867647058823529	13.23529411764706	13.23529411764706	0.0
139.0	61.97718631178707	15.209125475285171	9.125475285171103	13.688212927756654	0.0
140.0	64.61538461538461	6.153846153846154	8.846153846153847	20.384615384615383	0.0
141.0	65.7258064516129	9.67741935483871	11.693548387096774	12.903225806451612	0.0
142.0	67.21991701244814	10.78838174273859	10.37344398340249	11.618257261410788	0.0
143.0	65.51724137931035	10.775862068965516	6.0344827586206895	17.67241379310345	0.0
144.0	64.6788990825688	12.385321100917432	10.550458715596331	12.385321100917432	0.0
145.0	57.692307692307686	11.538461538461538	8.653846153846153	22.115384615384613	0.0
146.0	60.80402010050251	11.055276381909549	12.562814070351758	15.577889447236181	0.0
147.0	55.208333333333336	11.458333333333332	14.583333333333334	18.75	0.0
148.0	55.3072625698324	13.40782122905028	16.75977653631285	14.52513966480447	0.0
149.0	53.289473684210535	12.5	23.026315789473685	11.18421052631579	0.0
150.0	5.357142857142857	37.5	30.357142857142854	26.785714285714285	0.0
