# Position (bp)	A	C	G	T	N
0.0	54.9837336886712	18.477569296887193	15.626463067670256	10.889425096937613	0.02280884983373549
1.0	57.234607027526685	9.316814924190586	11.2135508577328	22.235027190549932	0.0
2.0	58.07956398081706	11.662085133221472	10.11745385741316	20.140897028548306	0.0
3.0	62.13634749674518	10.66516747544088	11.39543141200142	15.803053615812523	0.0
4.0	62.71729778783486	9.723155252271683	11.598251010618863	15.961295949274593	0.0
5.0	63.74900173815005	10.0448630619627	9.672570113214638	16.533565086672617	0.0
6.0	55.999625608386374	10.917025458629727	10.076984275552228	23.006364657431675	0.0
7.0	57.998226246878424	12.035848484141248	10.861903983942867	19.104021285037458	0.0
8.0	57.902576395838665	10.915353643493845	11.037540438010566	20.144529522656924	0.0
9.0	63.91778883514853	8.718698168574642	11.509331106394331	15.854181889882508	0.0
10.0	60.31962625468338	12.211480642027846	12.100467181645774	15.368425921643	0.0
11.0	58.004335393413896	11.847384927589706	11.87966977216124	18.268609906835163	0.0
12.0	59.813879654446524	10.829029252412777	11.30410776114939	18.052983331991303	0.0
13.0	60.34965355848209	10.639884366539714	10.729362639379618	18.281099435598584	0.0
14.0	60.61732773513025	10.267821391389903	10.940520998981798	18.17432987449805	0.0
15.0	60.988384034323005	10.359661334124466	11.432255414317991	17.21969921723453	0.0
16.0	61.149425287356316	10.548537612381928	10.862637987936724	17.439399112325027	0.0
17.0	60.76553393094516	10.88198870672711	11.211470511378483	17.141006850949246	0.0
18.0	61.123080761118544	10.247658358469598	11.160501666931259	17.4687592134806	0.0
19.0	60.5668311472234	10.647172111998723	11.250014244851911	17.53598249592597	0.0
20.0	60.794445526517805	10.50973293156586	10.72971207937581	17.96610946254053	0.0
21.0	60.326105770895126	10.455924947206869	11.48755466829758	17.730414613600434	0.0
22.0	60.285641240180354	11.096778691953704	11.0165946172082	17.600985450657742	0.0
23.0	59.35464980089014	10.439212930428672	11.282501756851723	18.923635511829467	0.0
24.0	59.5079567455258	10.477168626339898	11.700193606270954	18.31468102186334	0.0
25.0	59.500273269491245	10.930779649739799	11.648409096309674	17.920537984459283	0.0
26.0	58.45318795356456	10.750451322884162	11.745155004005117	19.051205719546164	0.0
27.0	57.85330561130674	11.059165695193913	12.358335236218107	18.727991635319142	0.0012018219620945354
28.0	58.36883969631498	11.137128993711451	11.453366968822799	19.040664341150766	0.0
29.0	58.19703908313344	11.222165685348065	11.435390467883016	19.145404763635483	0.0
30.0	58.386308662833805	10.917577275103014	12.240035978655905	18.456078083407277	0.0
31.0	58.160060381768595	11.2254090377873	11.526100506427737	19.08843007401636	0.0
32.0	57.44048715209998	11.517071194431145	11.52443740562042	19.518004247848452	0.0
33.0	40.89754445385267	16.056956228723497	16.689419205446786	26.356080111977054	0.0
34.0	41.258014208975915	16.23462138277595	15.531103794836252	26.976260613411885	0.0
35.0	37.34298097406891	16.559538676265333	16.969073679570997	29.128406670094765	0.0
36.0	37.25353405544337	16.620157885074352	18.263264182118597	27.863043877363687	0.0
37.0	37.003490722028296	17.44258680874518	17.815542899136506	27.73837957009002	0.0
38.0	36.69207457066765	16.63329966020755	17.12002938745523	29.554596381669572	0.0
39.0	37.370267639008794	17.191719171917192	18.0587446499752	27.379268539098806	0.0
40.0	38.082735067844226	16.603932945302315	16.987679709160346	28.325652277693113	0.0
41.0	37.093781574354736	16.581243685129053	17.36382841921558	28.961146321300635	0.0
42.0	37.16451132245543	16.73994223800151	18.629164290575964	27.46638214896709	0.0
43.0	37.33996499953947	17.222068711430413	17.380491848576956	28.057474440453163	0.0
44.0	36.47297546578122	16.71462829736211	17.404537908135033	29.407858328721638	0.0
45.0	37.324593796159526	17.25258493353028	18.140694239290987	27.282127031019204	0.0
46.0	37.4981500665976	17.139632973212965	17.400473582951015	27.961743377238417	0.0
47.0	36.67092900428087	16.65462092993088	17.149422731231816	29.525027334556437	0.0
48.0	36.743063932448734	16.640994710958523	18.15161918901364	28.464322167579105	0.0
49.0	36.69989214118347	16.80551939599063	17.85621303975899	28.638375423066908	0.0
50.0	36.38175046554935	17.11731843575419	16.95903165735568	29.54189944134078	0.0
51.0	36.3070152537948	16.8929250736583	18.38473874613061	28.415320926416292	0.0
52.0	35.314783323678355	16.97531440958272	18.71507857903687	28.994823687702052	0.0
53.0	35.39483532934132	17.120134730538922	18.11002994011976	29.375	0.0
54.0	35.460833380194565	17.561716245852782	18.25151361787475	28.725936756077903	0.0
55.0	35.40981758749601	18.03272529165336	18.115383892844395	28.442073228006237	0.0
56.0	36.19433198380567	16.72723848978439	17.162225779116845	29.916203747293096	0.0
57.0	34.89166540842519	17.450551109768988	18.796240374452665	28.861543107353167	0.0
58.0	35.763882319553495	17.33610822060354	18.168574401664934	28.731435058178036	0.0
59.0	34.82735094568472	16.912405715801842	18.42853352537619	29.83170981313725	0.0
60.0	34.8008664589192	17.57619518127233	17.95052063540321	29.67241772440526	0.0
61.0	35.105531850045715	17.187976226760135	18.258533983541604	29.447957939652547	0.0
62.0	34.49164185940005	17.454774444698877	17.62842531104496	30.425158384856115	0.0
63.0	34.53332313692502	17.089817611746263	18.412801590639695	29.96405766068902	0.0
64.0	34.21450874470816	17.636917418539163	18.230753021856984	29.915905216175315	0.0019155987203800548
65.0	34.83342289091886	17.475243724572042	18.02602287556613	29.665310508942966	0.0
66.0	35.15603955824066	17.208604302151077	18.8863662600531	28.748989879555165	0.0
67.0	35.69653897267002	18.01775774734693	17.881011536757764	28.404691743225285	0.0
68.0	35.34860384786091	16.90434379884603	18.203045097547328	29.54400725574574	0.0
69.0	34.87576799721782	17.137447351134124	18.75652073109471	29.230263920553345	0.0
70.0	35.00116135026324	17.24411582533292	18.426757510065038	29.327965314338805	0.0
71.0	34.92592879857287	17.804234856123475	18.005894671527184	29.26394167377647	0.0
72.0	34.41587468174839	17.919266126367752	19.10481410219035	28.56004508969351	0.0
73.0	35.03047059052589	17.96109888826152	18.732111913708845	28.276318607503747	0.0
74.0	34.6834110099257	17.645911741190694	17.374856184551785	30.295821064331818	0.0
75.0	34.31144626565339	17.607986402797586	19.088831148533806	28.99173618301522	0.0
76.0	34.46296695331936	18.008188211326374	18.323571470547904	29.20527336480636	0.0
77.0	34.00326123258875	17.205948802577552	17.91320406278855	30.877585902045148	0.0
78.0	33.93289859926318	17.45700269902874	18.84394885636045	29.766149845347623	0.0
79.0	34.723209350075024	17.391218510621496	18.244096975440257	29.641475163863223	0.0
80.0	34.77176451957718	17.50663129973475	17.623421354764638	30.09818282592343	0.0
81.0	35.02797952137159	17.140929475731237	19.15902686827797	28.672064134619202	0.0
82.0	33.978439016628215	18.16970323812555	18.030471795687802	29.821385949558437	0.0
83.0	34.54853836176793	17.7431906614786	17.88286940037913	29.82540157637434	0.0
84.0	34.11270983213429	17.66187050359712	19.114708233413268	29.110711430855318	0.0
85.0	35.154604009069566	17.495033810221322	18.448140939462647	28.902221241246462	0.0
86.0	34.40190326417871	17.560837920119358	18.256416460009277	29.780842355692656	0.0
87.0	34.69652184475847	16.84820018625744	18.797829695914483	29.657448273069605	0.0
88.0	34.350213544844415	18.196054504779337	18.3119788488916	29.141753101484646	0.0
89.0	34.36951104938524	17.31955393979004	18.41632286262816	29.892569747967812	0.0020424002287488256
90.0	34.622804137251684	17.517648990313578	18.958299129863736	28.901247742571005	0.0
91.0	34.59818208050786	17.82055774264691	18.02048766411773	29.560772512727496	0.0
92.0	33.83496051240594	17.85129448831955	18.35292166739216	29.960823331882345	0.0
93.0	35.02811914184545	17.29639658404499	18.981462195375965	28.6940220787336	0.0
94.0	34.77596954357194	18.2738568380538	17.683972723089152	29.26620089528511	0.0
95.0	34.39929402865907	17.510610581165693	18.002269193595833	30.0878261965794	0.0
96.0	35.639926515615436	17.025994045230906	19.270646366957365	28.063433072196297	0.0
97.0	34.219748943310464	18.056116055308934	18.408699900172042	29.315435101208553	0.0
98.0	34.20074349442379	17.803273084647266	17.728496346622226	30.267487074306715	0.0
99.0	34.61282354204704	18.419074213296103	18.373966276447213	28.594135968209645	0.0
100.0	34.68306814251124	17.755534417156692	18.758647526807334	28.802749913524732	0.0
101.0	35.25783048785785	17.685390329727614	17.548546852600026	29.508232329814497	0.0
102.0	34.50707300034929	17.029776458260564	19.116748166259168	29.34640237513098	0.0
103.0	34.1165868026553	18.11227854222535	18.246362157647162	29.524772497472195	0.0
104.0	34.69211713704326	17.942139255065026	17.827125541891533	29.538618066000176	0.0
105.0	34.171693115804935	16.937835251174075	19.59758730441363	29.29288432860736	0.0
106.0	34.174465988983926	18.292955980475572	18.581792127535714	28.950785903004792	0.0
107.0	34.33935896857954	17.556236757877656	17.840238020105488	30.26416625343732	0.0
108.0	34.771452576125704	17.943186720861053	18.946842571357205	28.33851813165603	0.0
109.0	34.951967063129004	17.74245196706313	18.44922232387923	28.856358645928637	0.0
110.0	34.212406925009795	17.653703404873326	17.757440236058923	30.376449434057957	0.0
111.0	34.788362859597385	17.65771204346514	18.897582948292275	28.656342148645198	0.0
112.0	35.26672905942911	17.365465605989705	18.568086102012167	28.79971923256902	0.0
113.0	34.69099137321454	17.112148211002687	17.955970395512185	30.240890020270587	0.0
114.0	34.55733808674985	16.846108140225788	19.218062982768867	29.378490790255498	0.0
115.0	33.87007751193876	18.04372345276091	18.92683160951261	29.156967675361763	0.002399750425955701
116.0	34.70123958938602	17.455936471043966	17.48741042029828	30.35541351927174	0.0
117.0	34.299587633896984	17.819583729839202	18.756557597052435	29.119390966986312	0.0048800722250689306
118.0	35.48918387413963	17.492625368731563	18.033431661750246	28.984759095378564	0.0
119.0	34.4502825418856	17.9314959849311	17.767919103796967	29.8478239317934	0.00247843759294141
120.0	35.41177058852943	16.7958397919896	19.063453172658633	28.72893644682234	0.0
121.0	34.74986145397753	17.9379313819336	18.348531412161822	28.96367575192705	0.0
122.0	34.418250950570346	17.247148288973385	18.60583016476553	29.728770595690747	0.0
123.0	34.69184382665576	17.403413736713	18.497035977105476	29.407706459525755	0.0
124.0	34.86467695001674	17.850797002549378	18.520330646614994	28.764195400818892	0.0
125.0	34.83274168890731	17.91775710621097	17.930712823569042	29.31878838131267	0.0
126.0	35.09445794465783	17.3813069948525	18.77400642784354	28.747615688118945	0.002612944527187688
127.0	34.35813745360743	18.443841962570083	18.196414940380617	29.00160564344187	0.0
128.0	35.08100929614874	17.219123505976093	17.96281540504648	29.737051792828684	0.0
129.0	34.9609375	18.471746575342465	18.426262842465754	28.14105308219178	0.0
130.0	35.35881813770421	18.428856418827845	18.132312503369818	28.080012940098133	0.0
131.0	35.341147037228396	17.792945911402388	17.34968591085851	29.5162211405107	0.0
132.0	35.200682706601334	17.810934317018116	18.870781258602655	28.1176017177779	0.0
133.0	35.29821821933469	17.639349747650783	18.765858963276916	28.29657306973761	0.0
134.0	35.4740234043756	17.790717394991237	17.19995477415343	29.532477811069025	0.0028266154107072193
135.0	34.79627407280416	17.48099891422367	17.966740956626094	29.755986056346078	0.0
136.0	35.33812866510674	17.367189531155212	18.08360054308577	29.211081260652282	0.0
137.0	35.251924934859616	17.876277190619785	17.46640512925608	29.405392745264514	0.0
138.0	34.48653772103907	17.846035366251	19.267794200408755	28.399632712301177	0.0
139.0	33.30038341720585	19.65312724658519	18.050563144021087	28.995926192187877	0.0
140.0	31.908443231772015	18.05669243595574	16.398362892223737	33.636501440048505	0.0
141.0	34.46591502565205	17.3911707781635	18.242143098522316	29.900771097662133	0.0
142.0	37.381958250497014	17.423583499005964	17.08809642147117	28.106361829025843	0.0
143.0	38.129247420085576	16.81978353888749	16.958217971306315	28.092751069720613	0.0
144.0	38.19820393605503	16.336539073944333	16.680466212343163	28.784790777657477	0.0
145.0	32.99874124519898	19.168576316044284	16.628473679114354	31.19775360681664	0.006455152825743149
146.0	32.40552753945904	17.9383063723885	18.74386010871701	30.912305979435455	0.0
147.0	31.95004163197336	18.088259783513738	22.667776852622815	27.29392173189009	0.0
148.0	33.80441901347765	18.36889455723691	22.856847402709317	24.96983902657613	0.0
149.0	31.412744469985306	20.706937483513585	23.536948411651657	24.332064664430796	0.011304970418660737
150.0	5.810316139767055	30.242928452579037	32.63893510815308	31.294509151414307	0.013311148086522461
