# Position (bp)	A	C	G	T	N
0.0	97.30062942054377	0.9214197651028486	1.109597041074557	0.6618649016935955	0.006488871585231328
1.0	97.35271217233324	0.8110563197508435	0.5580067479885803	1.2782247599273293	0.0
2.0	97.75790565059617	0.6091238983929498	0.5767236910316226	1.0562467599792638	0.0
3.0	98.02338350235773	0.6459531038046638	0.5942768555002906	0.7363865383373167	0.0
4.0	98.11442177746315	0.5791878499259926	0.5341399060428599	0.7722504665679902	0.0
5.0	98.21222606689734	0.5446623093681917	0.40369088811995385	0.8394207356145073	0.0
6.0	97.6328718177758	0.778408728386397	0.5359535506922734	1.052765903145537	0.0
7.0	97.75038129130655	0.7117437722419928	0.5719369598373156	0.9659379766141332	0.0
8.0	97.82938868497658	0.696114415896722	0.4746234653841286	0.9998734337425642	0.0
9.0	98.10620359884233	0.4530011325028313	0.5473763684409211	0.8934189002139171	0.0
10.0	97.92173750234039	0.7426823940585409	0.599138738064033	0.7364413655370405	0.0
11.0	97.9300941993059	0.6073376301437778	0.5701536936043629	0.8924144769459593	0.0
12.0	98.02437223042836	0.5354505169867061	0.5723781388478582	0.8677991137370753	0.0
13.0	98.13785945417914	0.5372733378106112	0.555589474326882	0.769277733683375	0.0
14.0	97.88135593220339	0.5266343825665859	0.5750605326876513	1.0169491525423728	0.0
15.0	97.85392245266006	0.6131650135256989	0.5891193267207695	0.9437932070934777	0.0
16.0	98.156104547082	0.5012531328320802	0.4833512352309345	0.8592910848549946	0.0
17.0	97.98860804556782	0.5695977216091136	0.533997864008544	0.9077963688145247	0.0
18.0	98.12879995277729	0.5607697302402456	0.5017413375833776	0.8086889793990909	0.0
19.0	98.06709359027084	0.44650725574290584	0.5640091651489336	0.9223899888373186	0.0
20.0	97.993682732803	0.48549368273280297	0.5732335049134301	0.9475900795507721	0.0
21.0	98.12376179932409	0.4195315231325021	0.5127607504952802	0.9439459270481296	0.0
22.0	98.03092604389877	0.5270168529565067	0.5443910349221057	0.8976660682226212	0.0
23.0	98.08013836840588	0.4324012683770539	0.657249927933122	0.8302104352839434	0.0
24.0	98.07405709045052	0.5560013756735068	0.5674653215636822	0.8024762123122778	0.0
25.0	98.10707565995781	0.4732310850105479	0.5359484577227892	0.8837447973088546	0.0
26.0	98.15445769449177	0.4940374787052811	0.545144804088586	0.8063600227143669	0.0
27.0	98.14532089341249	0.5032513429459994	0.5484874187164263	0.8029403449250778	0.0
28.0	97.99526973758306	0.6025453316814956	0.5631264782070053	0.8390584525284378	0.0
29.0	98.12061711079943	0.5161290322580645	0.48246844319775595	0.8807854137447404	0.0
30.0	98.10360259565898	0.5034683374356679	0.46990378160662344	0.9230252852987244	0.0
31.0	98.21030330062445	0.5965655664585192	0.4404549509366637	0.7526761819803747	0.0
32.0	97.20581553839163	0.755338482507951	1.0790549750113585	0.9597910040890504	0.0
33.0	93.82759843916281	1.5785739623980135	1.7559418233416106	2.8378857750975524	0.0
34.0	94.55128205128204	1.477920227920228	1.7806267806267806	2.19017094017094	0.0
35.0	90.25249559600704	2.8479154433352907	2.3781561949500882	4.521432765707575	0.0
36.0	90.43555032371984	2.8251912889935253	3.0606238964096524	3.6786344908769864	0.0
37.0	90.12055277859453	2.763892972655101	2.7050867391943547	4.410467509556013	0.0
38.0	90.26470588235294	2.735294117647059	2.3823529411764706	4.617647058823529	0.0
39.0	90.04418262150222	2.621502209131075	2.88659793814433	4.447717231222386	0.0
40.0	90.50295857988165	2.42603550295858	2.57396449704142	4.497041420118343	0.0
41.0	90.00298418382572	3.014025663980901	2.2679797075499852	4.71501044464339	0.0
42.0	89.94244168433808	2.3023326264768254	3.3020296879733415	4.4531960012117535	0.0
43.0	89.57493018926466	2.3890784982935154	2.8234564070741546	5.2125349053676695	0.0
44.0	89.78494623655914	2.2770398481973433	3.542061986084757	4.395951929158761	0.0
45.0	88.88172736061875	3.1260070899129877	3.4482758620689653	4.543989687399291	0.0
46.0	89.26085515412662	2.784222737819025	3.5465694398409013	4.408352668213457	0.0
47.0	89.1817870592263	2.293735022252653	3.1838411502909962	5.340636768230058	0.0
48.0	88.23114869626497	3.4178999295278367	3.8054968287526427	4.545454545454546	0.0
49.0	88.68335146898802	2.5389916575988396	3.1556039173014145	5.622052956111716	0.0
50.0	87.7264325323475	3.4011090573012934	3.0683918669131236	5.804066543438078	0.0
51.0	87.66968325791855	3.3182503770739067	4.18552036199095	4.826546003016592	0.0
52.0	87.23978411719352	2.7756360832690823	3.855050115651504	6.129529683885891	0.0
53.0	86.7588932806324	2.924901185770751	4.150197628458498	6.16600790513834	0.0
54.0	87.71220695230396	3.597413096200485	3.8803556992724335	4.81002425222312	0.0
55.0	87.04402515723271	4.234800838574423	3.89937106918239	4.821802935010482	0.0
56.0	85.6529209621993	3.90893470790378	4.209621993127148	6.2285223367697595	0.0
57.0	85.93542680229986	3.6267138434321096	4.024767801857585	6.413091552410438	0.0
58.0	84.60829493087557	3.824884792626728	4.6082949308755765	6.95852534562212	0.0
59.0	83.89388915206062	5.163429654192326	4.358124111795358	6.584557081951682	0.0
60.0	84.68250121182743	3.8778477944740666	3.587009209888512	7.852641783809985	0.0
61.0	83.56504468718967	4.568023833167826	5.163853028798411	6.703078450844091	0.0
62.0	83.90219052470708	4.584819154355578	4.584819154355578	6.928171166581763	0.0
63.0	83.62877997914494	3.4932221063607924	4.37956204379562	8.498435870698644	0.0
64.0	82.84182305630027	4.825737265415549	4.9329758713136735	7.399463806970509	0.0
65.0	83.63338788870703	4.69176213857065	5.400981996726677	6.2738679759956355	0.0
66.0	82.83624085537423	4.333145751266179	5.346088913899831	7.484524479459765	0.0
67.0	81.4878892733564	5.4209919261822375	4.844290657439446	8.246828143021915	0.0
68.0	81.69431279620854	4.798578199052133	5.568720379146919	7.938388625592417	0.0
69.0	80.27828191167575	5.021173623714459	5.505142165759225	9.195402298850574	0.0
70.0	80.02489110143124	6.222775357809583	5.289359054138146	8.462974486621032	0.0
71.0	80.33099936346277	4.646721833227244	5.856142584341184	9.16613621896881	0.0
72.0	79.92151733158927	5.624591236102027	5.624591236102027	8.829300196206672	0.0
73.0	78.30758898589657	6.447280053727333	5.7085292142377435	9.536601746138349	0.0
74.0	77.96030116358659	5.201916495550993	5.544147843942506	11.293634496919918	0.0
75.0	77.52965806001396	5.303558967201675	6.978367062107467	10.188415910676902	0.0
76.0	77.45872218234028	7.537688442211055	6.173725771715722	8.82986360373295	0.0
77.0	76.93441414885778	5.674281503316139	5.969049373618276	11.422254974207812	0.0
78.0	74.71612414837244	7.040121120363361	6.358819076457229	11.884935654806965	0.0
79.0	75.19500780031201	5.850234009360374	6.3962558502340086	12.558502340093602	0.0
80.0	74.67948717948718	6.009615384615385	6.810897435897435	12.5	0.0
81.0	74.4281045751634	7.18954248366013	8.415032679738562	9.967320261437909	0.0
82.0	75.10373443983403	6.721991701244813	7.219917012448132	10.95435684647303	0.0
83.0	72.31298366294067	8.598452278589853	7.738607050730868	11.349957007738606	0.0
84.0	73.21739130434783	6.608695652173912	6.869565217391305	13.304347826086957	0.0
85.0	75.64674397859055	5.352363960749331	7.582515611061552	11.418376449598574	0.0
86.0	72.76051188299817	8.683729433272395	7.861060329067642	10.694698354661792	0.0
87.0	73.13854853911404	6.4090480678605095	7.7285579641847315	12.723845428840717	0.0
88.0	70.56530214424951	7.504873294346978	8.674463937621832	13.255360623781677	0.0
89.0	70.5	7.5	7.9	14.099999999999998	0.0
90.0	70.16460905349794	8.333333333333332	10.08230452674897	11.419753086419753	0.0
91.0	70.26178010471205	8.37696335078534	6.596858638743456	14.764397905759164	0.0
92.0	67.96116504854369	8.414239482200648	8.845738942826321	14.778856526429344	0.0
93.0	66.40883977900552	8.397790055248619	8.950276243093922	16.243093922651934	0.0
94.0	66.85584562996596	10.21566401816118	8.740068104426788	14.188422247446084	0.0
95.0	64.22764227642277	9.75609756097561	10.104529616724738	15.911730545876887	0.0
96.0	64.38026474127557	9.987966305655837	9.14560770156438	16.48616125150421	0.0
97.0	64.40049443757727	9.765142150803461	8.529048207663783	17.3053152039555	0.0
98.0	65.35031847133757	10.063694267515924	11.974522292993631	12.611464968152866	0.0
99.0	66.1437908496732	10.588235294117647	9.411764705882353	13.856209150326798	0.0
100.0	62.3641304347826	11.548913043478262	9.646739130434783	16.440217391304348	0.0
101.0	62.81879194630873	9.261744966442953	9.798657718120806	18.120805369127517	0.0
102.0	63.08539944903582	7.988980716253444	11.294765840220386	17.63085399449036	0.0
103.0	60.65340909090909	11.789772727272728	11.931818181818182	15.625	0.0
104.0	60.49562682215743	9.7667638483965	11.9533527696793	17.784256559766764	0.0
105.0	60.0	9.481481481481481	11.11111111111111	19.407407407407405	0.0
106.0	59.4311377245509	9.580838323353294	12.125748502994012	18.862275449101794	0.0
107.0	60.273972602739725	7.610350076103501	11.87214611872146	20.24353120243531	0.0
108.0	57.3208722741433	10.74766355140187	14.018691588785046	17.91277258566978	0.0
109.0	59.779179810725545	11.041009463722396	13.249211356466878	15.930599369085174	0.0
110.0	62.175324675324674	9.415584415584416	12.5	15.909090909090908	0.0
111.0	60.03372681281619	7.925801011804384	10.961214165261383	21.079258010118043	0.0
112.0	59.450171821305844	13.402061855670103	9.450171821305842	17.697594501718214	0.0
113.0	59.47826086956521	10.956521739130434	10.26086956521739	19.304347826086957	0.0
114.0	56.315789473684205	10.175438596491228	12.631578947368421	20.87719298245614	0.0
115.0	56.37707948243993	11.645101663585953	11.645101663585953	20.33271719038817	0.0
116.0	58.63309352517986	10.611510791366907	9.892086330935252	20.863309352517987	0.0
117.0	57.655954631379956	12.476370510396976	13.043478260869565	16.824196597353495	0.0
118.0	55.938697318007655	11.494252873563218	12.452107279693486	20.114942528735632	0.0
119.0	58.36575875486382	11.284046692607005	9.14396887159533	21.20622568093385	0.0
120.0	56.2624254473161	11.530815109343937	13.916500994035786	18.290258449304176	0.0
121.0	54.01606425702812	16.265060240963855	12.851405622489958	16.867469879518072	0.0
122.0	57.938144329896915	8.65979381443299	12.989690721649486	20.412371134020617	0.0
123.0	49.36974789915966	13.23529411764706	14.495798319327733	22.899159663865547	0.0
124.0	55.24625267665952	10.706638115631693	15.845824411134904	18.201284796573873	0.0
125.0	52.19298245614035	13.596491228070176	12.938596491228072	21.271929824561404	0.0
126.0	55.233853006681514	10.46770601336303	15.14476614699332	19.15367483296214	0.0
127.0	52.91479820627802	11.434977578475337	14.573991031390134	21.076233183856502	0.0
128.0	54.77272727272727	12.727272727272727	12.045454545454545	20.454545454545457	0.0
129.0	53.899082568807344	14.908256880733944	12.844036697247708	18.34862385321101	0.0
130.0	50.5938242280285	12.826603325415679	13.30166270783848	23.27790973871734	0.0
131.0	48.6810551558753	11.270983213429256	17.026378896882495	23.021582733812952	0.0
132.0	51.358024691358025	10.617283950617285	17.037037037037038	20.98765432098765	0.0
133.0	50.0	11.868686868686869	14.14141414141414	23.98989898989899	0.0
134.0	43.78378378378379	20.54054054054054	12.162162162162163	23.513513513513516	0.0
135.0	43.83561643835616	17.26027397260274	13.424657534246576	25.47945205479452	0.0
136.0	48.35164835164835	14.560439560439562	14.560439560439562	22.52747252747253	0.0
137.0	46.89265536723164	14.971751412429379	14.689265536723164	23.44632768361582	0.0
138.0	46.3768115942029	13.043478260869565	17.681159420289855	22.89855072463768	0.0
139.0	40.588235294117645	15.88235294117647	15.88235294117647	27.647058823529413	0.0
140.0	42.64264264264264	16.216216216216218	12.312312312312311	28.82882882882883	0.0
141.0	42.50764525993883	13.761467889908257	18.654434250764528	25.076452599388375	0.0
142.0	51.24223602484472	12.422360248447205	16.149068322981368	20.18633540372671	0.0
143.0	43.037974683544306	19.936708860759495	12.974683544303797	24.050632911392405	0.0
144.0	49.84025559105431	14.696485623003195	15.015974440894569	20.447284345047922	0.0
145.0	43.18181818181818	18.181818181818183	12.662337662337661	25.97402597402597	0.0
146.0	44.59016393442623	13.77049180327869	14.754098360655737	26.885245901639344	0.0
147.0	41.1371237458194	17.05685618729097	17.725752508361204	24.08026755852843	0.0
148.0	35.88850174216028	16.02787456445993	25.087108013937282	22.99651567944251	0.0
149.0	30.543933054393307	19.665271966527197	28.870292887029287	20.920502092050206	0.0
150.0	6.870229007633588	29.770992366412212	30.53435114503817	32.82442748091603	0.0
