#Coverage	Number of genomic locations
0.0	10.0
2.0	3.0
5.0	1.0
9.0	1.0
12.0	1.0
15.0	1.0
17.0	1.0
28.0	1.0
34.0	1.0
35.0	1.0
36.0	1.0
37.0	3.0
38.0	1.0
39.0	9.0
40.0	7.0
41.0	2.0
42.0	3.0
43.0	1.0
44.0	2.0
45.0	3.0
46.0	3.0
47.0	1.0
48.0	7.0
49.0	17.0
50.0	15.0
51.0	1.0
52.0	18.0
53.0	19.0
54.0	10.0
55.0	8.0
56.0	6.0
57.0	4.0
58.0	12.0
59.0	6.0
60.0	16.0
61.0	16.0
62.0	18.0
63.0	15.0
64.0	32.0
65.0	45.0
66.0	29.0
67.0	25.0
68.0	29.0
69.0	66.0
70.0	49.0
71.0	49.0
72.0	61.0
73.0	46.0
74.0	68.0
75.0	51.0
76.0	65.0
77.0	97.0
78.0	103.0
79.0	73.0
80.0	77.0
81.0	89.0
82.0	73.0
83.0	103.0
84.0	101.0
85.0	116.0
86.0	83.0
87.0	108.0
88.0	119.0
89.0	120.0
90.0	130.0
91.0	99.0
92.0	123.0
93.0	143.0
94.0	110.0
95.0	153.0
96.0	146.0
97.0	163.0
98.0	151.0
99.0	151.0
100.0	157.0
101.0	134.0
102.0	193.0
103.0	164.0
104.0	206.0
105.0	178.0
106.0	205.0
107.0	244.0
108.0	181.0
109.0	209.0
110.0	186.0
111.0	230.0
112.0	227.0
113.0	258.0
114.0	203.0
115.0	247.0
116.0	168.0
117.0	149.0
118.0	174.0
119.0	173.0
120.0	144.0
121.0	150.0
122.0	171.0
123.0	188.0
124.0	188.0
125.0	185.0
126.0	172.0
127.0	153.0
128.0	141.0
129.0	155.0
130.0	147.0
131.0	189.0
132.0	174.0
133.0	142.0
134.0	193.0
135.0	236.0
136.0	199.0
137.0	214.0
138.0	191.0
139.0	213.0
140.0	215.0
141.0	169.0
142.0	187.0
143.0	195.0
144.0	177.0
145.0	163.0
146.0	152.0
147.0	201.0
148.0	179.0
149.0	203.0
150.0	214.0
151.0	222.0
152.0	200.0
153.0	197.0
154.0	179.0
155.0	199.0
156.0	186.0
157.0	147.0
158.0	164.0
159.0	174.0
160.0	209.0
161.0	215.0
162.0	144.0
163.0	156.0
164.0	120.0
165.0	118.0
166.0	120.0
167.0	153.0
168.0	178.0
169.0	142.0
170.0	155.0
171.0	168.0
172.0	151.0
173.0	151.0
174.0	176.0
175.0	153.0
176.0	183.0
177.0	191.0
178.0	149.0
179.0	180.0
180.0	150.0
181.0	178.0
182.0	149.0
183.0	134.0
184.0	135.0
185.0	186.0
186.0	194.0
187.0	145.0
188.0	142.0
189.0	190.0
190.0	158.0
191.0	177.0
192.0	139.0
193.0	126.0
194.0	135.0
195.0	140.0
196.0	123.0
197.0	122.0
198.0	122.0
199.0	116.0
200.0	124.0
201.0	118.0
202.0	141.0
203.0	96.0
204.0	106.0
205.0	98.0
206.0	115.0
207.0	102.0
208.0	109.0
209.0	90.0
210.0	116.0
211.0	107.0
212.0	101.0
213.0	77.0
214.0	69.0
215.0	78.0
216.0	93.0
217.0	82.0
218.0	80.0
219.0	79.0
220.0	75.0
221.0	74.0
222.0	81.0
223.0	81.0
224.0	58.0
225.0	60.0
226.0	58.0
227.0	58.0
228.0	64.0
229.0	68.0
230.0	75.0
231.0	82.0
232.0	84.0
233.0	69.0
234.0	87.0
235.0	84.0
236.0	53.0
237.0	69.0
238.0	91.0
239.0	79.0
240.0	85.0
241.0	83.0
242.0	74.0
243.0	63.0
244.0	86.0
245.0	68.0
246.0	52.0
247.0	63.0
248.0	54.0
249.0	87.0
250.0	79.0
251.0	81.0
252.0	66.0
253.0	74.0
254.0	55.0
255.0	73.0
256.0	92.0
257.0	64.0
258.0	43.0
259.0	56.0
260.0	65.0
261.0	50.0
262.0	47.0
263.0	58.0
264.0	59.0
265.0	80.0
266.0	76.0
267.0	54.0
268.0	63.0
269.0	59.0
270.0	57.0
271.0	60.0
272.0	46.0
273.0	58.0
274.0	43.0
275.0	62.0
276.0	57.0
277.0	69.0
278.0	54.0
279.0	82.0
280.0	57.0
281.0	50.0
282.0	59.0
283.0	66.0
284.0	34.0
285.0	42.0
286.0	51.0
287.0	67.0
288.0	50.0
289.0	33.0
290.0	56.0
291.0	47.0
292.0	49.0
293.0	47.0
294.0	35.0
295.0	40.0
296.0	27.0
297.0	20.0
298.0	19.0
299.0	19.0
300.0	18.0
301.0	33.0
302.0	27.0
303.0	27.0
304.0	32.0
305.0	31.0
306.0	20.0
307.0	19.0
308.0	9.0
309.0	15.0
310.0	16.0
311.0	12.0
312.0	16.0
313.0	35.0
314.0	22.0
315.0	28.0
316.0	26.0
317.0	23.0
318.0	26.0
319.0	21.0
320.0	28.0
321.0	13.0
322.0	19.0
323.0	24.0
324.0	27.0
325.0	24.0
326.0	13.0
327.0	22.0
328.0	20.0
329.0	13.0
330.0	26.0
331.0	30.0
332.0	16.0
333.0	18.0
334.0	20.0
335.0	25.0
336.0	28.0
337.0	21.0
338.0	30.0
339.0	29.0
340.0	35.0
341.0	18.0
342.0	23.0
343.0	21.0
344.0	19.0
345.0	22.0
346.0	14.0
347.0	17.0
348.0	20.0
349.0	32.0
350.0	24.0
351.0	36.0
352.0	25.0
353.0	29.0
354.0	20.0
355.0	25.0
356.0	21.0
357.0	10.0
358.0	20.0
359.0	16.0
360.0	16.0
361.0	16.0
362.0	23.0
363.0	24.0
364.0	33.0
365.0	19.0
366.0	17.0
367.0	23.0
368.0	13.0
369.0	17.0
370.0	19.0
371.0	23.0
372.0	10.0
373.0	13.0
374.0	12.0
375.0	10.0
376.0	20.0
377.0	12.0
378.0	11.0
379.0	7.0
380.0	12.0
381.0	11.0
382.0	5.0
383.0	9.0
384.0	13.0
385.0	14.0
386.0	13.0
387.0	11.0
388.0	11.0
389.0	16.0
390.0	20.0
391.0	10.0
392.0	22.0
393.0	12.0
394.0	10.0
395.0	17.0
396.0	11.0
397.0	8.0
398.0	7.0
399.0	8.0
400.0	6.0
401.0	5.0
402.0	6.0
403.0	7.0
404.0	4.0
405.0	6.0
406.0	3.0
407.0	3.0
408.0	3.0
409.0	2.0
411.0	3.0
412.0	3.0
413.0	1.0
414.0	9.0
415.0	8.0
416.0	7.0
417.0	5.0
418.0	12.0
419.0	3.0
420.0	3.0
421.0	2.0
422.0	2.0
423.0	2.0
424.0	4.0
425.0	3.0
426.0	2.0
427.0	6.0
428.0	2.0
429.0	5.0
430.0	6.0
431.0	9.0
432.0	5.0
433.0	6.0
434.0	4.0
435.0	4.0
436.0	1.0
437.0	3.0
439.0	1.0
440.0	2.0
442.0	4.0
443.0	2.0
444.0	3.0
445.0	3.0
446.0	4.0
447.0	5.0
448.0	4.0
449.0	6.0
450.0	4.0
451.0	4.0
452.0	4.0
453.0	2.0
454.0	2.0
455.0	3.0
456.0	2.0
457.0	2.0
458.0	2.0
460.0	2.0
461.0	1.0
1164.0	1.0
4985.0	1.0
5325.0	1.0
5501.0	1.0
5657.0	1.0
5967.0	1.0
6329.0	1.0
6778.0	1.0
7274.0	1.0
7837.0	1.0
8515.0	1.0
9228.0	1.0
10028.0	1.0
10930.0	1.0
11749.0	1.0
11840.0	1.0
11867.0	1.0
11943.0	1.0
12039.0	1.0
12135.0	1.0
12255.0	1.0
12366.0	1.0
12396.0	1.0
12511.0	1.0
12639.0	1.0
12837.0	1.0
12994.0	1.0
13022.0	1.0
13217.0	1.0
13421.0	1.0
13493.0	1.0
13514.0	1.0
13562.0	1.0
13564.0	1.0
13567.0	1.0
