#Insert size (bp)	insert size
2.0	1.0
5.0	4.0
6.0	3.0
7.0	5.0
8.0	18.0
9.0	58.0
10.0	43.0
11.0	61.0
12.0	46.0
13.0	57.0
14.0	53.0
15.0	57.0
16.0	49.0
17.0	44.0
18.0	52.0
19.0	327.0
20.0	239.0
21.0	226.0
22.0	458.0
23.0	487.0
24.0	418.0
25.0	403.0
26.0	344.0
27.0	292.0
28.0	270.0
29.0	229.0
30.0	205.0
31.0	206.0
32.0	164.0
33.0	1059.0
34.0	322.0
35.0	78.0
36.0	3.0
37.0	2.0
50.0	4.0
51.0	1.0
52.0	3.0
53.0	5.0
54.0	3.0
55.0	4.0
56.0	4.0
57.0	8.0
58.0	12.0
59.0	6.0
60.0	11.0
61.0	7.0
62.0	7.0
63.0	9.0
64.0	7.0
65.0	16.0
66.0	13.0
67.0	7.0
68.0	7.0
69.0	8.0
70.0	15.0
71.0	14.0
72.0	18.0
73.0	17.0
74.0	18.0
75.0	23.0
76.0	24.0
77.0	30.0
78.0	31.0
79.0	41.0
80.0	35.0
81.0	46.0
82.0	45.0
83.0	41.0
84.0	60.0
85.0	56.0
86.0	56.0
87.0	56.0
88.0	70.0
89.0	53.0
90.0	68.0
91.0	67.0
92.0	61.0
93.0	74.0
94.0	85.0
95.0	83.0
96.0	79.0
97.0	76.0
98.0	81.0
99.0	90.0
100.0	96.0
101.0	95.0
102.0	99.0
103.0	102.0
104.0	112.0
105.0	108.0
106.0	101.0
107.0	100.0
108.0	100.0
109.0	118.0
110.0	123.0
111.0	105.0
112.0	119.0
113.0	112.0
114.0	137.0
115.0	111.0
116.0	112.0
117.0	97.0
118.0	110.0
119.0	108.0
120.0	109.0
121.0	129.0
122.0	108.0
123.0	113.0
124.0	126.0
125.0	121.0
126.0	122.0
127.0	111.0
128.0	138.0
129.0	119.0
130.0	121.0
131.0	123.0
132.0	119.0
133.0	119.0
134.0	113.0
135.0	140.0
136.0	134.0
137.0	122.0
138.0	123.0
139.0	117.0
140.0	137.0
141.0	110.0
142.0	112.0
143.0	104.0
144.0	112.0
145.0	101.0
146.0	88.0
147.0	124.0
148.0	93.0
149.0	107.0
150.0	116.0
151.0	124.0
152.0	101.0
153.0	105.0
154.0	120.0
155.0	112.0
156.0	110.0
157.0	114.0
158.0	111.0
159.0	108.0
160.0	108.0
161.0	111.0
162.0	109.0
163.0	117.0
164.0	97.0
165.0	101.0
166.0	85.0
167.0	104.0
168.0	108.0
169.0	96.0
170.0	97.0
171.0	98.0
172.0	114.0
173.0	90.0
174.0	88.0
175.0	85.0
176.0	99.0
177.0	91.0
178.0	78.0
179.0	96.0
180.0	80.0
181.0	91.0
182.0	92.0
183.0	82.0
184.0	96.0
185.0	95.0
186.0	78.0
187.0	76.0
188.0	97.0
189.0	90.0
190.0	80.0
191.0	91.0
192.0	74.0
193.0	75.0
194.0	87.0
195.0	74.0
196.0	66.0
197.0	90.0
198.0	92.0
199.0	91.0
200.0	89.0
201.0	69.0
202.0	79.0
203.0	73.0
204.0	72.0
205.0	64.0
206.0	78.0
207.0	74.0
208.0	64.0
209.0	84.0
210.0	67.0
211.0	72.0
212.0	73.0
213.0	65.0
214.0	72.0
215.0	67.0
216.0	69.0
217.0	58.0
218.0	78.0
219.0	70.0
220.0	71.0
221.0	65.0
222.0	62.0
223.0	55.0
224.0	61.0
225.0	56.0
226.0	58.0
227.0	63.0
228.0	48.0
229.0	62.0
230.0	55.0
231.0	51.0
232.0	58.0
233.0	53.0
234.0	46.0
235.0	50.0
236.0	61.0
237.0	55.0
238.0	57.0
239.0	63.0
240.0	48.0
241.0	45.0
242.0	47.0
243.0	53.0
244.0	42.0
245.0	69.0
246.0	46.0
247.0	47.0
248.0	62.0
249.0	46.0
250.0	67.0
251.0	37.0
252.0	32.0
253.0	51.0
254.0	36.0
255.0	47.0
256.0	47.0
257.0	55.0
258.0	32.0
259.0	51.0
260.0	47.0
261.0	38.0
262.0	51.0
263.0	37.0
264.0	40.0
265.0	43.0
266.0	38.0
267.0	37.0
268.0	35.0
269.0	36.0
270.0	25.0
271.0	42.0
272.0	32.0
273.0	46.0
274.0	47.0
275.0	42.0
276.0	35.0
277.0	38.0
278.0	39.0
279.0	46.0
280.0	38.0
281.0	26.0
282.0	24.0
283.0	30.0
284.0	37.0
285.0	41.0
286.0	25.0
287.0	34.0
288.0	30.0
289.0	32.0
290.0	41.0
291.0	24.0
292.0	33.0
293.0	21.0
294.0	36.0
295.0	24.0
296.0	29.0
297.0	25.0
298.0	43.0
299.0	22.0
300.0	25.0
301.0	30.0
302.0	29.0
303.0	25.0
304.0	31.0
305.0	35.0
306.0	16.0
307.0	29.0
308.0	19.0
309.0	17.0
310.0	37.0
311.0	30.0
312.0	21.0
313.0	23.0
314.0	22.0
315.0	18.0
316.0	21.0
317.0	18.0
318.0	26.0
319.0	18.0
320.0	24.0
321.0	16.0
322.0	23.0
323.0	22.0
324.0	16.0
325.0	24.0
326.0	24.0
327.0	19.0
328.0	16.0
329.0	29.0
330.0	12.0
331.0	22.0
332.0	21.0
333.0	17.0
334.0	13.0
335.0	18.0
336.0	15.0
337.0	20.0
338.0	13.0
339.0	20.0
340.0	18.0
341.0	25.0
342.0	11.0
343.0	11.0
344.0	13.0
345.0	16.0
346.0	15.0
347.0	11.0
348.0	11.0
349.0	15.0
350.0	9.0
351.0	15.0
352.0	18.0
353.0	16.0
354.0	18.0
355.0	16.0
356.0	10.0
357.0	13.0
358.0	17.0
359.0	12.0
360.0	15.0
361.0	8.0
362.0	11.0
363.0	8.0
364.0	10.0
365.0	15.0
366.0	7.0
367.0	9.0
368.0	10.0
369.0	9.0
370.0	9.0
371.0	6.0
372.0	13.0
373.0	8.0
374.0	11.0
375.0	15.0
376.0	12.0
377.0	10.0
378.0	16.0
379.0	7.0
380.0	10.0
381.0	8.0
382.0	9.0
383.0	18.0
384.0	9.0
385.0	12.0
386.0	9.0
387.0	7.0
388.0	15.0
389.0	7.0
390.0	9.0
391.0	8.0
392.0	15.0
393.0	8.0
394.0	13.0
395.0	12.0
396.0	9.0
397.0	7.0
398.0	14.0
399.0	8.0
400.0	11.0
401.0	8.0
402.0	9.0
403.0	6.0
404.0	9.0
405.0	10.0
406.0	8.0
407.0	10.0
408.0	6.0
409.0	9.0
410.0	8.0
411.0	11.0
412.0	9.0
413.0	6.0
414.0	6.0
415.0	11.0
416.0	8.0
417.0	7.0
418.0	10.0
419.0	6.0
420.0	11.0
421.0	4.0
422.0	7.0
