# Position (bp)	A	C	G	T	N
0.0	36.03809189450125	26.284723745995525	22.732259621714135	14.914205468030017	0.030719269759073155
1.0	38.543906613419935	12.51371395971387	16.009128011585553	32.93325141528064	0.0
2.0	39.57624901909495	16.461766501002703	13.874356962246054	30.08762751765629	0.0
3.0	45.1476335214937	14.865392965696916	16.485019539730786	23.501953973078592	0.0
4.0	45.988783751596905	13.94235974276249	16.852521490591776	23.216335015048827	0.0
5.0	46.946136236015725	14.044749686838582	13.986436870977496	25.022677206168197	0.0
6.0	36.05002156101768	15.523932729624837	14.529969814575248	33.896075894782236	0.0
7.0	38.63562953551972	16.923275694997738	15.250113051529965	29.190981717952585	0.0
8.0	38.94922471450999	15.120755285059895	15.946579496333255	29.983440504096865	0.0
9.0	47.00588513252287	12.663774217105544	17.03251857897676	23.29782207139482	0.0
10.0	41.91720852378806	17.326552071932873	17.740724049872313	23.015515354406745	0.0
11.0	38.83157827010101	16.71992622300384	17.6378493147747	26.810646192120448	0.0
12.0	40.630893193896796	15.652322989885137	17.023829933139037	26.692953883079035	0.0
13.0	41.24298625091018	15.344583886580718	15.612284233520365	27.800145628988737	0.0
14.0	41.623159876754535	14.470643615200274	16.342862033550155	27.563334474495036	0.0
15.0	42.51342045041384	14.917552452039267	17.0519922150694	25.51703488247749	0.0
16.0	42.19738416823389	15.286801162591896	15.930073516840485	26.585741152333732	0.0
17.0	41.4569536423841	15.834223456526383	16.483657338175604	26.225165562913904	0.0
18.0	42.98281199957297	15.089142735133981	16.53037258460553	25.39767268068752	0.0
19.0	41.36640351065889	15.440875943812248	16.636909243444403	26.555811302084454	0.0
20.0	41.4170769264135	15.272506452102627	16.465332147736884	26.84508447374699	0.0
21.0	40.7030223390276	15.51467367498905	17.490144546649145	26.292159439334213	0.0
22.0	40.530973451327434	16.234513274336283	16.530973451327434	26.70353982300885	0.0
23.0	38.654091142748584	15.323067295442863	17.578168652079654	28.444672909728897	0.0
24.0	39.47682940579546	15.201262825572218	17.636712143420905	27.685195625211414	0.0
25.0	38.99511196998977	15.975900875298397	17.269523701261793	27.75946345345004	0.0
26.0	37.207386558659984	16.05684080455825	17.004187547195716	29.731585089586048	0.0
27.0	37.02211890349162	15.98729486500794	18.415540773816375	28.575045457684073	0.0
28.0	37.02915316982878	16.13836186950486	17.316057380842203	29.516427579824157	0.0
29.0	36.702127659574465	16.468456749976774	17.167611260800893	29.661804329647868	0.0
30.0	37.230052417006405	16.619685497961562	17.85905649388468	28.29120559114735	0.0
31.0	37.02908360954204	16.810606414266374	17.186405863405067	28.97390411278652	0.0
32.0	36.4879419339733	16.876609693280262	17.1973776633107	29.43807070943573	0.0
33.0	33.46586814442981	17.765463084913396	19.34097065182277	29.427698118834023	0.0
34.0	33.27694718774099	18.520361203015	17.540237319336303	30.66245428990771	0.0
35.0	33.109108707110764	17.51211063979318	18.287693581988403	31.091087071107655	0.0
36.0	32.382386149793	17.573704679463052	19.69890854347008	30.345000627273865	0.0
37.0	31.83084452252478	18.519262140795583	19.25963107039779	30.39026226628184	0.0
38.0	32.20831975126	17.612396880720144	17.958426318296933	32.22085704972292	0.0
39.0	32.96923539432809	17.56187994789057	19.277983765908406	30.190900891872936	0.0
40.0	32.722355769230774	17.881109775641026	18.146534455128204	31.25	0.0
41.0	32.06725716859331	18.075364059450532	18.623329830355804	31.234048941600363	0.0
42.0	32.52351881505204	17.641613290632506	19.883406725380304	29.95146116893515	0.0
43.0	32.8625	18.3225	18.05	30.764999999999997	0.0
44.0	32.28643529970267	17.739799615221248	18.07710566424306	31.896659420833025	0.0
45.0	32.93956043956044	18.044455544455545	18.616383616383615	30.399600399600402	0.0
46.0	32.88830105809543	17.69814334198443	18.35446196845678	31.059093631463362	0.0
47.0	32.22563181398598	17.531122919941122	18.374373175660505	31.868872090412392	0.0
48.0	32.533606005436816	17.694590617751953	19.340599047310274	30.43120432950096	0.0
49.0	33.463054432969116	17.774285286633738	18.250760864142094	30.51189941625505	0.0
50.0	32.90058421131473	17.863384431018126	18.098067608728215	31.137963748938937	0.0
51.0	33.10599815134027	17.339928551799947	19.623273126982937	29.930800169876836	0.0
52.0	31.388666799920045	18.034179492304617	19.358384969018587	31.218768738756747	0.0
53.0	31.759238437898208	17.272568273242886	19.338880143917248	31.629313144941655	0.0
54.0	32.27435198840203	17.526932786762316	19.124153273177193	31.07456195165846	0.0
55.0	31.932773109243694	18.08223289315726	19.14515806322529	30.83983593437375	0.0
56.0	32.127387897148296	17.13277083698455	18.44720963421046	32.29263163165669	0.0
57.0	31.500225484792306	17.733126221375958	20.155835045347498	30.61081324848424	0.0
58.0	32.3413643543009	17.860455787599967	18.988642916238373	30.809536941860756	0.0
59.0	31.700830468926412	17.27425546328123	19.03555209875304	31.989361969039315	0.0
60.0	31.30102745748235	18.177707438390232	18.933855854497953	31.58740924962946	0.0
61.0	31.961770623742453	17.37927565392354	19.298289738430583	31.360663983903418	0.0
62.0	31.393386889622	17.71135007177214	17.917852376035658	32.9774106625702	0.0
63.0	32.10625708170716	17.75147928994083	19.03311091527131	31.1091527130807	0.0
64.0	31.955360741636436	18.04967754937525	18.092503022974608	31.902458686013702	0.0
65.0	32.13745080230094	17.605207387223736	18.748107780805327	31.509234029669997	0.0
66.0	32.550734160580255	17.579418231443807	19.750309585786855	30.119538022189086	0.0
67.0	32.78133137815084	18.29191211791773	18.562435213510987	30.36432129042045	0.0
68.0	32.46464084204134	17.389874250436456	18.958581079371505	31.186903828150697	0.0
69.0	32.50455742353656	18.062588616568767	18.79430828438323	30.63854567551144	0.0
70.0	32.577523307661124	18.225577624645318	18.494122415889745	30.70277665180381	0.0
71.0	33.13133874239351	17.730730223123732	18.39756592292089	30.740365111561868	0.0
72.0	32.180580946577294	18.093642088157626	19.721206581352835	30.00457038391225	0.0
73.0	32.5707313353161	18.432090292076563	18.810849284425124	30.186329088182212	0.0
74.0	32.41524884921543	17.80982172376084	18.38203504488696	31.39289438213677	0.0
75.0	32.18083753116572	17.54948353940874	19.750165369154836	30.519513560270696	0.0
76.0	32.0710029032751	18.262619059746346	18.9807976366322	30.685580400346357	0.0
77.0	31.94019187589304	17.927127985303123	18.036844253929374	32.09583588487446	0.0
78.0	31.632496548903315	17.393527276445624	19.602229152819675	31.371747021831382	0.0
79.0	31.975909789851357	18.108662224500257	18.644284982060483	31.271143003587902	0.0
80.0	32.88121660501439	17.825215782983967	17.868886148787507	31.42468146321414	0.0
81.0	33.060214887531885	17.61098657597073	19.43778825590683	29.891010280590553	0.0
82.0	31.93630803375571	18.390152003922683	18.88564866190095	30.787891300420654	0.0
83.0	32.19086021505376	17.809139784946236	18.43724152191894	31.56275847808106	0.0
84.0	32.17857698087786	17.83437840078769	19.751774887288178	30.235269731046277	0.0
85.0	33.272694196834635	17.523844174744667	18.87263182515138	30.330829803269317	0.0
86.0	32.76100514051614	18.020509876575424	18.380606946220286	30.83787803668815	0.0
87.0	33.39530742641668	17.028909605111554	19.396145385985125	30.179637582486645	0.0
88.0	32.775937319240676	18.678024925067046	18.906767628963557	29.639270126728718	0.0
89.0	32.887375976356346	17.04137639856449	18.53229892336922	31.538948701709945	0.0
90.0	32.99247642259193	18.098972130973827	19.259298505881105	29.649252940553144	0.0
91.0	33.12322136227027	17.452591824250646	18.3834676454161	31.04071916806298	0.0
92.0	32.125706968306474	17.660868637285244	19.138832568562584	31.074591825845694	0.0
93.0	33.68257455987567	16.79305447627214	20.180069133685254	29.34430183016694	0.0
94.0	33.30550918196995	18.191609672034033	18.113522537562606	30.389358608433408	0.0
95.0	33.24948609758736	17.65660499837715	18.15968841285297	30.93422049118252	0.0
96.0	34.34755417788292	17.538135247573212	19.476846942382465	28.637463632161403	0.0
97.0	33.18940781023693	17.768425655179954	18.549995900855354	30.49217063372776	0.0
98.0	32.74591741353714	17.507010502006928	17.94413592126244	31.80293616319349	0.0
99.0	33.043959082112245	17.984517555985626	19.612938899640586	29.358584462261543	0.0
100.0	32.626658876554544	18.086971037476005	19.661686559274408	29.624683526695044	0.0
101.0	33.17654963883756	17.481381936278627	18.357690800156785	30.984377624727028	0.0
102.0	32.90300758237731	16.94055303436029	20.19618344279392	29.957437212842127	0.002818727626349466
103.0	32.45061307901908	18.389532243415076	18.591053587647593	30.568801089918257	0.0
104.0	32.55940296800389	17.99102164526921	18.557172676064393	30.89240271066251	0.0
105.0	32.04954630563157	17.71568486245139	19.53046233616592	30.704306495751116	0.0
106.0	32.0525461083401	18.976916830994085	18.463635309128872	30.506901751536947	0.0
107.0	32.7098167386483	18.016808684486985	17.978872417415666	31.291583985058946	0.0029181743901015526
108.0	32.836479096842474	18.333627329922972	19.559593108719938	29.27030046451461	0.0
109.0	32.578810144584025	18.585565299834084	18.852216164968002	29.98044560322351	0.0029627873903768664
110.0	31.98517322811108	18.21959166591935	18.228559471497324	31.566675634472247	0.0
111.0	32.98195946149444	17.77249043761106	19.462096798482065	29.783453302412433	0.0
112.0	33.38090610955909	17.493623223612293	18.480505283614722	30.644965383213897	0.0
113.0	32.384624801077244	17.453176643408007	18.554902680866693	31.607295874648063	0.0
114.0	32.264535242562644	17.389828416244907	19.957412665103075	30.38822367608937	0.0
115.0	31.881895881895883	18.837606837606838	19.31934731934732	29.961149961149964	0.0
116.0	32.26058672671546	17.69562769750422	17.717520485394385	32.323137549258774	0.0031275411271658223
117.0	32.02453987730061	17.6529809658644	19.6916784646846	30.630800692150384	0.0
118.0	32.99844705733211	17.690869330966944	18.724051595727822	30.586632015973127	0.0
119.0	32.503828483920365	18.27462991322103	18.418198060234815	30.80334354262379	0.0
120.0	33.51005719426772	17.543859649122805	19.532806374911637	29.413276781697835	0.0
121.0	32.49092794193883	18.325557283566614	18.87960082944531	30.30391394504925	0.0
122.0	32.05387424993478	17.95917036264023	19.172319332115837	30.811374902165404	0.0032611531437516305
123.0	32.37757414523598	18.179130948861957	19.325385095411697	30.11790981049036	0.0
124.0	32.71055851327668	18.408782778347277	18.875037201150754	30.00562150722529	0.0
125.0	32.40712976844911	18.027652840246546	18.434116275195738	31.13110111610861	0.0
126.0	32.71071992474888	18.00651728424094	18.940437397117613	30.342325393892565	0.0
127.0	32.57704029800203	18.425330172705724	18.7097866576363	30.287842871655947	0.0
128.0	33.025609464218554	17.690703319998633	18.56600676992512	30.71768044585769	0.0
129.0	32.90829513733329	18.440913946996588	19.58507082055347	29.065720095116653	0.0
130.0	33.12489143651207	18.49574431127323	18.648601702275492	29.730762549939204	0.0
131.0	33.1161324224908	17.537221930285515	18.024172359432473	31.322473287791208	0.0
132.0	32.184802603650766	18.480260365077118	19.958964199801894	29.375972831470214	0.0
133.0	32.91876630570744	17.99792716486187	19.105821807655193	29.97391086808906	0.0035738536864300774
134.0	33.45837541480306	17.832924541913144	18.02048766411773	30.688212379166064	0.0
135.0	32.866162998649585	17.639329902551186	18.5554217307201	30.939085368079127	0.0
136.0	33.23977990324606	17.61881901104177	18.697145389416153	30.444255696296025	0.0
137.0	33.073276344768374	17.589309044757176	19.093657844637725	30.24375676583673	0.0
138.0	32.85924472780775	18.21405666427736	19.081751990040367	29.844946617874523	0.0
139.0	31.765468833447773	19.470511940184636	18.173495078965438	30.590524147402153	0.0
140.0	30.793283149971046	17.884578266743873	16.79984558965451	34.52229299363057	0.0
141.0	33.22799625468165	17.26357677902622	18.70318352059925	30.80524344569288	0.0
142.0	36.24028714550546	16.964461799392577	17.820376286829962	28.974874768272002	0.0
143.0	37.75209246711837	16.660023913909924	16.667995217218014	28.919888401753685	0.0
144.0	37.20124138486962	16.307283059933095	16.87960985046955	29.607835234371848	0.004030470355890533
145.0	31.510363643767565	19.34275359368001	16.72028342224213	32.4143828643564	0.012216475953903166
146.0	31.750863913115023	17.66085239427349	18.915583347046237	31.672700345565246	0.0
147.0	31.5007118331798	17.954945146972616	23.260195963487146	27.284147056360442	0.0
148.0	33.00298610810577	18.34509023239711	23.33924784697278	25.312675812524343	0.0
149.0	30.11326097215668	20.504955167531854	24.728645587541294	24.653138272770175	0.0
150.0	4.412528119051739	29.918671050354735	34.166810866931996	31.50198996366153	0.0
