#Position (bp)	insert size
38.0	12884.510204081633
113.0	183.61333333333334
188.0	175.57142857142858
263.0	200.80357142857142
338.0	213.41538461538462
413.0	236.26041666666666
488.0	207.7826086956522
563.0	172.07766990291262
638.0	192.04819277108433
713.0	183.5326086956522
788.0	161.90425531914894
863.0	167.0873786407767
938.0	176.7439024390244
1013.0	203.68
1088.0	208.62857142857143
1163.0	196.96296296296296
1238.0	152.58441558441558
1313.0	145.0958904109589
1388.0	192.43589743589743
1463.0	183.53061224489795
1538.0	176.36111111111111
1613.0	189.17808219178082
1688.0	199.74576271186442
1763.0	186.23469387755102
1838.0	157.59821428571428
1913.0	186.22857142857143
1988.0	213.33333333333334
2063.0	213.40816326530611
2138.0	165.23076923076923
2213.0	200.36263736263737
2288.0	161.14545454545456
2363.0	152.12857142857143
2438.0	185.78947368421052
2513.0	184.43859649122808
2588.0	179.06410256410257
2663.0	192.75
2738.0	175.5974025974026
2813.0	163.26666666666668
2888.0	165.38095238095238
2963.0	166.97560975609755
3038.0	242.09302325581396
3113.0	213.54
3188.0	223.24615384615385
3263.0	209.9344262295082
3338.0	159.52542372881356
3413.0	167.32407407407408
3488.0	160.7906976744186
3563.0	157.84375
3638.0	154.27027027027026
3713.0	212.09259259259258
3788.0	190.1888888888889
3863.0	227.05357142857142
3938.0	228.96428571428572
4013.0	178.45217391304348
4088.0	174.3921568627451
4163.0	149.1031746031746
4238.0	177.12280701754386
4313.0	171.83516483516485
4388.0	146.36363636363637
4463.0	185.97297297297297
4538.0	175.87671232876713
4613.0	183.88888888888889
4688.0	189.23728813559322
4763.0	193.45454545454547
4838.0	202.0
4913.0	168.01
4988.0	196.33333333333334
5063.0	182.01098901098902
5138.0	156.79746835443038
5213.0	186.390625
5288.0	249.38636363636363
5363.0	215.93548387096774
5438.0	192.44578313253012
5513.0	170.98076923076923
5588.0	209.36708860759492
5663.0	236.96226415094338
5738.0	203.52941176470588
5813.0	182.74561403508773
5888.0	154.4258064516129
5963.0	165.5888888888889
6038.0	187.52439024390245
6113.0	198.231884057971
6188.0	163.40714285714284
6263.0	158.11926605504587
6338.0	169.52631578947367
6413.0	161.2207792207792
6488.0	195.9
6563.0	201.6904761904762
6638.0	169.75641025641025
6713.0	168.24489795918367
6788.0	166.07142857142858
6863.0	186.13513513513513
6938.0	204.65217391304347
7013.0	202.26666666666668
7088.0	200.6060606060606
7163.0	187.9016393442623
7238.0	175.79661016949152
7313.0	169.25
7388.0	175.44927536231884
7463.0	140.64583333333334
7538.0	182.9298245614035
7613.0	162.57894736842104
7688.0	170.85416666666666
7763.0	177.61904761904762
7838.0	172.3448275862069
7913.0	224.30434782608697
7988.0	179.25423728813558
8063.0	197.3793103448276
8138.0	158.27272727272728
8213.0	134.66101694915255
8288.0	152.3
8363.0	206.8
8438.0	159.9784946236559
8513.0	189.81944444444446
8588.0	180.03529411764706
8663.0	163.1818181818182
8738.0	161.1590909090909
8813.0	203.875
8888.0	172.22916666666666
8963.0	203.49122807017545
9038.0	164.07692307692307
9113.0	182.92
9188.0	150.0731707317073
9263.0	198.21428571428572
9338.0	177.875
9413.0	181.5
9488.0	166.90196078431373
9563.0	197.78787878787878
9638.0	235.77142857142857
9713.0	199.07142857142858
9788.0	166.4078947368421
9863.0	175.74468085106383
9938.0	345.8989898989899
10013.0	168.93548387096774
10088.0	186.78947368421052
10163.0	210.2173913043478
10238.0	199.8
10313.0	177.76237623762376
10388.0	211.06796116504853
10463.0	174.47540983606558
10538.0	169.46753246753246
10613.0	176.06521739130434
10688.0	163.08450704225353
10763.0	176.47222222222223
10838.0	171.3
10913.0	167.53030303030303
10988.0	161.33333333333334
11063.0	190.38235294117646
11138.0	209.25806451612902
11213.0	188.36470588235295
11288.0	170.0943396226415
11363.0	162.54
11438.0	174.46376811594203
11513.0	221.11764705882354
11588.0	187.01136363636363
11663.0	187.68115942028984
11738.0	201.015625
11813.0	198.3452380952381
11888.0	175.4949494949495
11963.0	154.45871559633028
12038.0	222.14285714285714
12113.0	181.5142857142857
12188.0	171.05434782608697
12263.0	171.49397590361446
12338.0	167.46902654867256
12413.0	182.59183673469389
12488.0	202.74747474747474
12563.0	198.56730769230768
12638.0	174.98611111111111
12713.0	136.7605633802817
12788.0	160.5744680851064
12863.0	212.28571428571428
12938.0	183.56565656565655
13013.0	151.20535714285714
13088.0	151.77551020408163
13163.0	198.11864406779662
13238.0	206.14285714285714
13313.0	204.85245901639345
13388.0	176.69135802469137
13463.0	219.85
13538.0	223.54901960784315
13613.0	190.8913043478261
13688.0	171.18103448275863
13763.0	179.2159090909091
13838.0	185.55172413793105
13913.0	202.77551020408163
13988.0	205.51190476190476
14063.0	162.62765957446808
14138.0	168.7325581395349
14213.0	151.5
14288.0	209.2340425531915
14363.0	184.44776119402985
14438.0	188.85416666666666
14513.0	180.4
14588.0	171.6206896551724
14663.0	168.171875
14738.0	223.66037735849056
14813.0	187.61818181818182
14888.0	182.84848484848484
14963.0	171.89333333333335
15038.0	161.62222222222223
15113.0	177.56060606060606
15188.0	177.88
15263.0	180.0379746835443
15338.0	192.84745762711864
15413.0	196.5483870967742
15488.0	166.08235294117648
15563.0	206.64367816091954
15638.0	198.09574468085106
15713.0	185.3235294117647
15788.0	166.16546762589928
15863.0	169.2929292929293
15938.0	183.9277108433735
16013.0	170.02298850574712
16088.0	149.25233644859813
16163.0	226.70689655172413
16238.0	198.6024096385542
16313.0	181.31578947368422
16388.0	181.99115044247787
16463.0	155.64566929133858
16538.0	168.84848484848484
16613.0	168.71764705882353
16688.0	179.98360655737704
16763.0	189.86170212765958
16838.0	163.25
16913.0	183.93846153846152
16988.0	152.9016393442623
17063.0	212.7058823529412
17138.0	251.80851063829786
17213.0	181.37777777777777
17288.0	178.6818181818182
17363.0	156.73387096774192
17438.0	213.84415584415584
17513.0	185.55371900826447
17588.0	172.26271186440678
17663.0	197.74444444444444
17738.0	171.45652173913044
17813.0	203.1720430107527
17888.0	193.5242718446602
17963.0	154.70992366412213
18038.0	171.63513513513513
18113.0	163.8148148148148
18188.0	178.7536231884058
18263.0	186.68852459016392
18338.0	198.75324675324674
18413.0	176.58333333333334
18488.0	173.27777777777777
18563.0	166.59016393442624
18638.0	166.9090909090909
18713.0	166.14545454545456
18788.0	183.84615384615384
18863.0	171.5194805194805
18938.0	175.66176470588235
19013.0	171.59615384615384
19088.0	156.07407407407408
19163.0	174.0
19238.0	200.9090909090909
19313.0	220.74468085106383
19388.0	219.38202247191012
19463.0	171.58552631578948
19538.0	222.21969696969697
19613.0	199.96103896103895
19688.0	162.94444444444446
19763.0	171.35227272727272
19838.0	208.25
19913.0	186.57142857142858
19988.0	176.6086956521739
20063.0	169.7981651376147
20138.0	156.9659090909091
20213.0	201.8
20288.0	160.64285714285714
20363.0	169.88636363636363
20438.0	204.23809523809524
20513.0	181.28301886792454
20588.0	171.21818181818182
20663.0	193.56716417910448
20738.0	165.34883720930233
20813.0	159.78378378378378
20888.0	176.609756097561
20963.0	192.05555555555554
21038.0	167.8181818181818
21113.0	176.69565217391303
21188.0	167.5744680851064
21263.0	166.53968253968253
21338.0	274.6060606060606
21413.0	220.1125
21488.0	170.1315789473684
21563.0	138.2246376811594
21638.0	187.82692307692307
21713.0	183.6417910447761
21788.0	180.11111111111111
21863.0	187.29090909090908
21938.0	167.5
22013.0	156.05825242718447
22088.0	217.7
22163.0	181.2876712328767
22238.0	148.0126582278481
22313.0	152.92857142857142
22388.0	181.37254901960785
22463.0	171.36065573770492
22538.0	162.3125
22613.0	179.17948717948718
22688.0	168.8372093023256
22763.0	202.34285714285716
22838.0	191.69565217391303
22913.0	179.08510638297872
22988.0	179.88571428571427
23063.0	198.72727272727272
23138.0	185.22413793103448
23213.0	187.92631578947368
23288.0	183.15463917525773
23363.0	194.93684210526317
23438.0	169.67391304347825
23513.0	161.55555555555554
23588.0	172.30927835051546
23663.0	203.96825396825398
23738.0	186.12087912087912
23813.0	177.98305084745763
23888.0	156.8235294117647
23963.0	160.9418604651163
24038.0	158.18333333333334
24113.0	199.02272727272728
24188.0	171.21666666666667
24263.0	150.71794871794873
24338.0	212.3170731707317
24413.0	186.91666666666666
24488.0	181.28571428571428
24563.0	172.67532467532467
24638.0	221.0793650793651
24713.0	199.5625
24788.0	183.02469135802468
24863.0	163.86746987951807
24938.0	158.1590909090909
25013.0	168.11111111111111
25088.0	196.55769230769232
25163.0	194.275
25238.0	162.21951219512195
25313.0	158.81690140845072
25388.0	141.54237288135593
25463.0	194.5625
25538.0	169.48275862068965
25613.0	183.45901639344262
25688.0	157.77142857142857
25763.0	207.4181818181818
25838.0	199.9056603773585
25913.0	214.7
25988.0	196.17777777777778
26063.0	207.38709677419354
26138.0	185.74576271186442
26213.0	166.30555555555554
26288.0	174.3859649122807
26363.0	159.7846153846154
26438.0	223.26315789473685
26513.0	244.0
26588.0	192.35294117647058
26663.0	192.2952380952381
26738.0	187.86206896551724
26813.0	177.62886597938143
26888.0	151.2086956521739
26963.0	182.1304347826087
27038.0	205.55769230769232
27113.0	194.08823529411765
27188.0	192.74358974358975
27263.0	168.2155172413793
27338.0	176.85882352941175
27413.0	201.88636363636363
27488.0	173.09677419354838
27563.0	177.40816326530611
27638.0	216.2054794520548
27713.0	186.80769230769232
27788.0	196.1818181818182
27863.0	165.88181818181818
27938.0	167.19736842105263
28013.0	194.42857142857142
28088.0	189.09195402298852
28163.0	197.33962264150944
28238.0	163.59558823529412
28313.0	180.9203539823009
28388.0	185.3679245283019
28463.0	191.86725663716814
28538.0	180.94871794871796
28613.0	158.32692307692307
28688.0	172.7792207792208
28763.0	207.02469135802468
28838.0	199.85714285714286
28913.0	188.10416666666666
28988.0	168.91034482758621
29063.0	175.41176470588235
29138.0	203.8108108108108
29213.0	188.2751677852349
29288.0	167.4047619047619
29363.0	170.30769230769232
29438.0	161.05263157894737
29513.0	183.5
29588.0	140.85526315789474
29663.0	137.47297297297297
29738.0	124.52325581395348
29813.0	81.75
29877.0	27.777044086230337
