# Position (bp)	A	C	G	T	N
0.0	31.932316880061528	26.40516370326803	26.16236106712513	15.469996531390912	0.030161818154398348
1.0	34.2170746052572	14.078028623565428	17.017297802711546	34.68759896846582	0.0
2.0	34.712508836048066	17.8450570771105	15.643189098948698	31.799244987892735	0.0
3.0	40.56661814798698	16.17022553683168	18.020437868579403	25.24271844660194	0.0
4.0	41.77742481681826	14.921258072733268	17.984026851671487	25.317290258776993	0.0
5.0	42.33929506847265	15.61176382548829	15.774900845618497	26.274040260420566	0.0
6.0	31.11044642189486	16.802512525237418	16.018843939280643	36.06819711358708	0.0
7.0	34.03126494500239	18.73356049736968	16.953610712577714	30.281563845050215	0.0
8.0	34.31106066489441	16.97033961587861	17.11072612682577	31.60787359240121	0.0
9.0	42.65317996688	13.91487266705456	18.236882543376748	25.19506482268869	0.0
10.0	37.17075352165163	19.1726913617053	19.4991428784378	24.15741223820526	0.0
11.0	33.602466892103266	18.197798269004455	18.756424198185584	29.4433106407067	0.0
12.0	35.83327130628955	16.660960178637886	18.462225530331224	29.04354298474135	0.0
13.0	36.88156368071877	16.794097521792164	16.88483622407997	29.439502573409097	0.0
14.0	36.53025730976766	16.088178020899914	17.614793453540052	29.76677121579237	0.0
15.0	37.717851571205706	16.37174058390907	18.301760641854244	27.608647203030976	0.0
16.0	37.81031001306568	16.55481648651859	17.41447915429386	28.220394346121868	0.0
17.0	36.6839316721331	16.98401626571289	18.144580816550658	28.187471245603362	0.0
18.0	37.79264710245987	16.420877718762057	18.08700038574523	27.699474793032845	0.0
19.0	36.867957667862406	17.133798728845097	17.721745084321928	28.276498518970573	0.0
20.0	37.31715698725515	16.149949946958717	17.557411585411405	28.975481480374725	0.0
21.0	36.48105367375717	16.79817587231106	18.6613062914404	28.059464162491377	0.0
22.0	36.83330823671134	17.20975756663153	17.316669176328865	28.640265020328265	0.0
23.0	36.01390673418487	16.393318721185096	18.19363615750888	29.399138387121155	0.0
24.0	36.3254410047172	16.25991597021038	18.39099637488814	29.023646650184286	0.0
25.0	36.207001522070016	16.948249619482496	18.121765601217657	28.722983257229835	0.0
26.0	34.88946862556639	16.301279997559003	18.09846369780463	30.710787679069977	0.0
27.0	34.48528962016025	16.771667991926112	18.965991803780046	29.777050584133587	0.0
28.0	35.44912748387492	17.17301711326623	17.413552726325626	29.964302676533222	0.0
29.0	35.00820816520658	16.994737568848862	18.09325089369275	29.903803372251797	0.0
30.0	35.462615961172204	17.139214843030043	18.64594212692757	28.752227068870184	0.0
31.0	35.527893038266484	16.844936222529583	18.078991854925462	29.54817888427847	0.0
32.0	34.29689064112239	17.457995164246224	17.812206428164416	30.432907766466972	0.0
33.0	32.199670872188705	17.776128553451002	19.683133813042495	30.341066761317805	0.0
34.0	32.110343491735534	18.46429493801653	18.425555268595044	30.999806301652892	0.0
35.0	31.9087994531873	17.764903087213373	18.77064787540482	31.555649584194512	0.0
36.0	31.58862685741256	17.785589896326677	19.87695913285484	30.74882411340592	0.0
37.0	31.14004394173651	18.681747904630157	19.20579379933274	30.972414354300593	0.0
38.0	31.224685654797728	18.070172584869137	18.30603315060917	32.39910860972397	0.0
39.0	31.958762886597935	18.120914501284595	19.45591726560213	30.464405346515335	0.0
40.0	32.31459505153298	17.930877523815717	18.207237376857304	31.547290047793997	0.0
41.0	30.791865134199277	18.261180563458133	19.22032741046608	31.726626891876514	0.0
42.0	31.53478388135428	18.091195889029823	19.90925943994536	30.464760789670535	0.0
43.0	31.901501227981722	18.554722443602298	18.48478441195127	31.058991916464713	0.0
44.0	31.09523964468161	17.726873393420753	18.880356619919954	32.29753034197768	0.0
45.0	31.809306866254474	18.486820696387895	19.238529124633907	30.465343312723725	0.0
46.0	31.885284591220557	17.793258353814352	19.057927375120038	31.26352967984505	0.0
47.0	31.300568154069058	17.869992023051754	18.45768147557263	32.37175834730656	0.0
48.0	31.537910603249014	17.941205195819904	19.572223849985352	30.94866035094573	0.0
49.0	32.103651584742174	17.837714583536922	19.075539919867097	30.983093911853803	0.0
50.0	31.041225354407693	18.261365488023465	18.61007006680789	32.087339090760956	0.0
51.0	31.87775061124694	17.662591687041566	20.084759576202117	30.374898125509368	0.0
52.0	30.45499021526419	18.152315720808872	19.96249184605349	31.43020221787345	0.0
53.0	30.862606255404547	17.429965247752524	19.45146922060335	32.25595927623958	0.0
54.0	30.853130867825946	18.300269409747735	19.72242632051596	31.12417340191036	0.0
55.0	30.986744250666053	18.677367156470144	18.90783086252268	31.42805773034112	0.0
56.0	31.213305640505666	18.072840858913768	18.550378595842805	32.16347490473777	0.0
57.0	30.46395548645774	18.404385893134766	20.20620243842566	30.925456181981836	0.0
58.0	31.32034667496764	18.226649409374645	19.017972705080524	31.43503121057719	0.0
59.0	30.54129839463457	18.049292425757997	19.262745355262943	32.14666382434449	0.0
60.0	31.00635228074783	18.526664806394958	19.216059616236887	31.250923296620325	0.0
61.0	31.13587429942639	17.987278733790248	19.46649573492431	31.410351231859046	0.0
62.0	30.08881578947368	18.088815789473685	18.570723684210527	33.25164473684211	0.0
63.0	30.452742622977798	18.366440103352367	19.64188733275184	31.538929940917992	0.0
64.0	30.771892248125877	18.74124721970508	19.34920504160145	31.13765549056759	0.0
65.0	31.07129304228745	18.23491560659308	19.053275916118068	31.640515435001404	0.0
66.0	31.399401979085788	17.967059289974063	19.985792873308775	30.647745857631374	0.0
67.0	31.350019838645682	18.742560507869328	19.25175241370189	30.655667239783096	0.0
68.0	31.04458830736626	18.048909714058645	19.43805155885226	31.46845041972283	0.0
69.0	31.664014322657646	18.224918771964724	19.602479941648433	30.508586963729194	0.0
70.0	31.471710635473706	18.332503733200596	19.264974282395887	30.930811348929815	0.0
71.0	31.46634775098	18.412397847319113	18.932296857351673	31.18895754434921	0.0
72.0	31.407515845158287	18.551727579724854	19.618052667476253	30.422703907640607	0.0
73.0	31.044885577612213	18.935946797339867	19.549310798873275	30.46985682617464	0.0
74.0	31.405731070278208	18.267995126754453	18.33808975450191	31.988184048465428	0.0
75.0	31.193733193031687	17.925205859264086	20.422241151809725	30.458819795894502	0.0
76.0	31.19345830337285	18.768916907744018	19.310713867661075	30.726910921222057	0.0
77.0	31.095252454182997	18.11069789258552	18.86119207960599	31.93285757362549	0.0
78.0	30.6930526881179	18.564211021031607	19.682092082515066	31.060644208335432	0.0
79.0	30.892175171183904	18.34822254748566	19.1036188361177	31.655983445212737	0.0
80.0	31.33123177289661	18.013856812933028	18.226260514826116	32.42865089934425	0.0
81.0	31.326970183292506	17.884956499704366	20.199341160570995	30.58873215643213	0.0
82.0	30.987083777698782	18.881722614392363	18.885108255886784	31.246085352022074	0.0
83.0	30.663161465400275	18.28018995929444	19.1044776119403	31.952170963364996	0.0
84.0	30.624946858260355	18.098801122353542	20.112235354136555	31.164016665249555	0.0
85.0	31.74492180171576	18.443538621595348	19.221257653539816	30.59028192314908	0.0
86.0	31.61336711634596	18.56639046771211	18.73245223584195	31.08779018009998	0.0
87.0	31.775074734563447	17.331546575954366	19.671511528021167	31.220149125519708	0.001718035941311892
88.0	31.241922420775104	18.614188967965397	19.138046905964053	31.005841705295445	0.0
89.0	31.098457970613175	17.640746958342707	19.328152853013965	31.93264221803015	0.0
90.0	32.1108890240723	18.421830190318936	19.713218041192317	29.754062744416444	0.0
91.0	31.97576984847427	18.214510159905036	19.040220654982193	30.7694993366385	0.0
92.0	31.117464437935205	18.29758125339835	19.307877150825252	31.277077157841195	0.0
93.0	32.2672778561354	17.646332863187588	19.938293370944994	30.148095909732014	0.0
94.0	31.648059542796386	18.2668793195109	18.62307283359915	31.46198830409357	0.0
95.0	31.821823425733054	17.846142890206345	19.26507504139294	31.066958642667664	0.0
96.0	33.04717184027529	17.55322962219514	19.777403398093053	29.620402896264963	0.0017922431715535162
97.0	31.696275588420956	18.13328523762287	19.289385877897015	30.881053296059157	0.0
98.0	31.157657821178347	18.06548807492649	18.902239808327586	31.87461429556758	0.0
99.0	31.58433019815542	19.194594100995342	19.647520774358508	29.57355492649073	0.0
100.0	31.15025373244098	18.721041406192544	19.728616606604398	30.400088254762082	0.0
101.0	31.291218969988883	18.13449425713227	19.03297517599111	31.541311596887738	0.0
102.0	31.54967431269714	17.73829298792437	20.246738460964185	30.4652942384143	0.0
103.0	30.708498599545088	19.07814350433295	19.10070116735906	31.1126567287629	0.0
104.0	31.39206965079966	18.491530235639253	18.941989211696793	31.174410901864295	0.0
105.0	30.897719472198915	18.06689039737625	20.406528868888717	30.628861261536116	0.0
106.0	30.72491598655785	18.949591934709552	19.053288526164184	31.272203552568413	0.0
107.0	31.400452444942868	18.06879483362014	18.467101065372493	32.06171813066765	0.0019335253968560877
108.0	31.57669153889614	18.62689707572717	20.084162948820357	29.712248436556333	0.0
109.0	31.73777315296566	18.787426619284158	19.221329982526065	30.25347024522412	0.0
110.0	30.88788562829195	18.177497920874423	19.01310839174686	31.92150805908677	0.0
111.0	31.807296240121335	18.20667358505628	20.002793965035522	29.983236209786863	0.0
112.0	31.48666331152491	18.256668344237546	19.43834927025667	30.818319073980877	0.0
113.0	31.205875192729042	18.061754442911628	19.104520003245963	31.623792907571207	0.004057453542156942
114.0	31.19900202458128	17.601586944518292	20.3889650095094	30.80840098979529	0.0020450315957381542
115.0	30.56437971863526	18.924048021783076	19.60889475638434	30.900614711828045	0.002062791369280911
116.0	31.103025262501298	18.232664518141178	18.072564715666907	32.59174550369061	0.0
117.0	30.6551116333725	18.51603155950982	19.833808964243747	30.99504784287393	0.0
118.0	31.578055855512506	18.507696542378625	18.399712041330538	31.514535560778334	0.0
119.0	31.396142686465268	18.79800307219662	18.640126301416622	31.16572793992149	0.0
120.0	31.547119461122946	17.933156864011018	19.80330126756623	30.716422407299802	0.0
121.0	31.438752009733626	18.441750315039325	19.415113196888715	30.7022117933342	0.0021726850041281017
122.0	30.759282802156857	18.304765244838016	19.47306124238306	31.462890710622066	0.0
123.0	31.069890692282215	18.92238047918737	19.677597438445403	30.33013139008502	0.0
124.0	31.471086162345184	18.201461284861445	19.379844961240313	30.947607591553062	0.0
125.0	31.303253074346348	18.380881724781368	18.87322677098087	31.44039027899553	0.002248150895888132
126.0	31.446997910800256	18.7187755472795	19.652102824961396	30.182123716958852	0.0
127.0	31.29772742908249	18.83183892494324	19.267548788038617	30.602884857935653	0.0
128.0	31.43035805271203	18.44457825744592	18.942517022557784	31.182546667284267	0.0
129.0	31.46487294469357	19.100336322869953	19.63518310911809	29.797272047832585	0.002335575485799701
130.0	31.86971175375333	19.057719955690683	19.02236677743996	30.04548775601593	0.004713757100096631
131.0	31.439862870202838	18.543472050280926	18.610132368345873	31.406532711170364	0.0
132.0	30.53905178842037	19.454934693190292	20.068313568902894	29.937699949486447	0.0
133.0	31.40899482469568	18.730714094807688	19.72689943387516	30.133391646621472	0.0
134.0	31.208342556383577	18.664994220221846	18.46823581494872	31.658427408445856	0.0
135.0	31.306099107387052	18.31224048335364	19.005942465004104	31.375717944255204	0.0
136.0	31.666960042246085	18.007393064601303	18.822138959438732	31.50350793371388	0.0
137.0	31.508939698364657	18.100663801215696	19.092550675246063	31.29784582517358	0.0
138.0	31.800509796853678	18.605010427662915	19.920698267205644	29.673781508277763	0.0
139.0	30.261752832400052	20.281286625862744	19.05456439640578	30.402396145331423	0.0
140.0	29.03582718651212	18.379873551106428	17.763435194942044	34.82086406743941	0.0
141.0	31.432904118335642	17.70245823135043	19.269447696073215	31.595189954240716	0.0
142.0	34.31533593644809	17.907634307257307	18.316951662851757	29.460078093442842	0.0
143.0	35.87663663336691	17.5572311293791	17.551787026703323	29.01434521055067	0.0
144.0	35.23056145089716	17.40029216394256	17.708993688156337	29.65739643339489	0.0027562636090515697
145.0	30.507624118417752	19.683327293507652	17.712485713489254	32.085412427173644	0.011150447411702393
146.0	30.10549475346948	18.639286923163713	19.539095114521043	31.716123208845765	0.0
147.0	30.20030375103877	18.803908645442302	23.417485743760206	27.575436283921256	0.0028655758374645387
148.0	31.331144825954517	19.00748232928164	23.872475083547748	25.788897761216102	0.0
149.0	28.384011374285066	22.108766600962937	25.01696448767247	24.480563544123825	0.009693992955698453
150.0	5.099509662532449	31.76233054513989	31.773867897317565	31.364291895010094	0.0
