#Position (bp)	insert size
38.0	19530.84839044652
113.0	195.45620437956205
188.0	191.25225225225225
263.0	222.96864111498257
338.0	229.25746268656715
413.0	218.76243093922653
488.0	207.36824324324326
563.0	189.98921832884096
638.0	193.4847645429363
713.0	192.85309278350516
788.0	187.92105263157896
863.0	175.93055555555554
938.0	174.6030303030303
1013.0	212.18852459016392
1088.0	217.94402985074626
1163.0	191.2775119617225
1238.0	175.70689655172413
1313.0	159.42160278745644
1388.0	180.46428571428572
1463.0	201.49425287356323
1538.0	207.6153846153846
1613.0	216.08783783783784
1688.0	204.61442006269593
1763.0	185.11320754716982
1838.0	164.54241645244215
1913.0	192.94139194139194
1988.0	210.6966966966967
2063.0	221.5890909090909
2138.0	192.05527638190955
2213.0	198.48742138364778
2288.0	183.0
2363.0	178.2265372168285
2438.0	206.2074074074074
2513.0	188.0058651026393
2588.0	190.4715719063545
2663.0	207.24122807017545
2738.0	191.81785714285715
2813.0	170.6453488372093
2888.0	171.1936936936937
2963.0	218.9452736318408
3038.0	226.93333333333334
3113.0	239.61648745519713
3188.0	223.9378698224852
3263.0	207.31887201735358
3338.0	170.59016393442624
3413.0	188.5319693094629
3488.0	174.47206703910615
3563.0	176.72598870056498
3638.0	180.34893617021277
3713.0	203.62114537444933
3788.0	212.62271062271063
3863.0	229.13333333333333
3938.0	225.7754491017964
4013.0	202.5115207373272
4088.0	188.93954659949623
4163.0	161.72869955156952
4238.0	174.1375464684015
4313.0	178.0949152542373
4388.0	154.83386581469648
4463.0	215.1400966183575
4538.0	187.91394658753708
4613.0	205.14383561643837
4688.0	202.2469512195122
4763.0	199.23876404494382
4838.0	204.84640522875816
4913.0	177.62244897959184
4988.0	210.1072463768116
5063.0	196.2890625
5138.0	186.41190476190476
5213.0	199.65107913669064
5288.0	225.86381322957197
5363.0	211.765243902439
5438.0	435.43163538873995
5513.0	195.05699481865284
5588.0	208.24411764705883
5663.0	253.97808219178083
5738.0	212.49512670565304
5813.0	192.7403314917127
5888.0	158.8206106870229
5963.0	189.89645776566758
6038.0	194.4896755162242
6113.0	215.08035714285714
6188.0	180.72173913043477
6263.0	171.45147679324896
6338.0	172.4343163538874
6413.0	168.17096774193547
6488.0	204.40361445783134
6563.0	209.9954128440367
6638.0	178.50815217391303
6713.0	177.83471074380165
6788.0	183.1907514450867
6863.0	197.95
6938.0	217.6578947368421
7013.0	217.81749049429658
7088.0	204.82132564841498
7163.0	187.44262295081967
7238.0	184.020979020979
7313.0	180.58620689655172
7388.0	178.59876543209876
7463.0	172.44398340248964
7538.0	189.20792079207922
7613.0	194.22727272727272
7688.0	199.29044117647058
7763.0	202.73799126637556
7838.0	186.90939597315437
7913.0	224.3877551020408
7988.0	192.42222222222222
8063.0	207.31923076923076
8138.0	176.8018292682927
8213.0	168.48732394366198
8288.0	181.68253968253967
8363.0	215.86637931034483
8438.0	181.23655913978496
8513.0	203.8440366972477
8588.0	184.26433121019107
8663.0	179.50139275766017
8738.0	184.43805309734512
8813.0	209.55940594059405
8888.0	198.02456140350878
8963.0	202.53164556962025
9038.0	168.52
9113.0	170.96745562130178
9188.0	183.14583333333334
9263.0	214.55980861244018
9338.0	197.91472868217053
9413.0	183.94244604316546
9488.0	183.17708333333334
9563.0	227.5142857142857
9638.0	243.1744966442953
9713.0	224.4203539823009
9788.0	202.63315217391303
9863.0	174.16747572815535
9938.0	165.8356807511737
10013.0	190.8977900552486
10088.0	203.02247191011236
10163.0	219.14882506527414
10238.0	209.39541547277938
10313.0	200.72321428571428
10388.0	202.13563218390806
10463.0	183.99383983572895
10538.0	175.0414364640884
10613.0	182.87218045112783
10688.0	185.7116883116883
10763.0	207.7871720116618
10838.0	194.93928571428572
10913.0	178.80363636363637
10988.0	190.32986111111111
11063.0	201.2912087912088
11138.0	192.79298245614035
11213.0	196.3956386292835
11288.0	184.88738738738738
11363.0	170.72768878718534
11438.0	185.65870307167236
11513.0	229.9318181818182
11588.0	194.5979381443299
11663.0	193.8343949044586
11738.0	200.06040268456377
11813.0	207.48611111111111
11888.0	198.09859154929578
11963.0	168.59868421052633
12038.0	230.5261044176707
12113.0	199.03491271820448
12188.0	181.82338902147973
12263.0	190.91803278688525
12338.0	185.27441860465117
12413.0	202.29556650246306
12488.0	214.1425576519916
12563.0	204.17672413793105
12638.0	178.10051107325384
12713.0	163.15353535353535
12788.0	195.01568627450982
12863.0	221.3887240356083
12938.0	182.8189189189189
13013.0	160.29383886255926
13088.0	165.81784386617102
13163.0	210.7
13238.0	208.40273037542661
13313.0	201.59800664451828
13388.0	178.4608695652174
13463.0	221.91372549019607
13538.0	231.2340425531915
13613.0	204.13859275053304
13688.0	178.866927592955
13763.0	199.33091787439614
13838.0	191.5909090909091
13913.0	210.92207792207793
13988.0	207.45823389021479
14063.0	183.26244343891403
14138.0	177.4795321637427
14213.0	174.1462140992167
14288.0	219.77314814814815
14363.0	199.134110787172
14438.0	179.94545454545454
14513.0	194.11333333333334
14588.0	177.77448071216617
14663.0	180.90577507598783
14738.0	207.0528455284553
14813.0	199.25182481751824
14888.0	207.08943089430895
14963.0	198.63372093023256
15038.0	181.47971360381862
15113.0	190.16459627329192
15188.0	202.76953125
15263.0	204.7172619047619
15338.0	194.1467576791809
15413.0	203.01736111111111
15488.0	198.46774193548387
15563.0	219.83954154727795
15638.0	225.4543209876543
15713.0	198.26760563380282
15788.0	177.25338491295938
15863.0	176.94615384615383
15938.0	196.37470167064438
16013.0	181.9628647214854
16088.0	171.30555555555554
16163.0	210.77697841726618
16238.0	223.7485380116959
16313.0	197.5982905982906
16388.0	197.98842592592592
16463.0	179.42165898617512
16538.0	193.62540716612378
16613.0	193.75637393767704
16688.0	207.96345514950167
16763.0	190.80562659846547
16838.0	180.4813753581662
16913.0	169.23867069486406
16988.0	181.97096774193548
17063.0	216.4954954954955
17138.0	233.4868913857678
17213.0	204.74881516587678
17288.0	182.90084388185653
17363.0	171.32007575757575
17438.0	216.6246418338109
17513.0	207.6184971098266
17588.0	184.70891089108912
17663.0	198.0
17738.0	191.07843137254903
17813.0	197.2570754716981
17888.0	212.2846889952153
17963.0	175.82242990654206
18038.0	201.54341736694678
18113.0	187.40265486725664
18188.0	195.16477272727272
18263.0	207.1150159744409
18338.0	205.16169154228857
18413.0	183.35781990521326
18488.0	177.4962962962963
18563.0	183.5952380952381
18638.0	180.98039215686273
18713.0	197.68014705882354
18788.0	201.94277108433735
18863.0	179.07506702412869
18938.0	181.95283018867926
19013.0	194.1326164874552
19088.0	195.106463878327
19163.0	197.34016393442624
19238.0	203.9455252918288
19313.0	234.79342723004694
19388.0	223.89389920424404
19463.0	177.76937618147448
19538.0	166.57399103139014
19613.0	213.19108280254778
19688.0	187.84064665127022
19763.0	189.37026239067055
19838.0	230.921146953405
19913.0	209.69323671497585
19988.0	181.6949152542373
20063.0	186.2141414141414
20138.0	177.68393782383419
20213.0	203.60422960725074
20288.0	172.20050125313284
20363.0	185.34615384615384
20438.0	211.91627906976746
20513.0	194.7859649122807
20588.0	200.56610169491526
20663.0	179.96848137535815
20738.0	172.0938775510204
20813.0	200.88
20888.0	207.07522123893804
20963.0	198.28214285714284
21038.0	177.309375
21113.0	188.01639344262296
21188.0	178.29268292682926
21263.0	203.96616541353384
21338.0	266.90977443609023
21413.0	228.78891820580475
21488.0	183.28523489932886
21563.0	161.56239015817224
21638.0	198.6468085106383
21713.0	198.30272108843536
21788.0	200.5857740585774
21863.0	205.1449814126394
21938.0	199.04635761589404
22013.0	170.1580310880829
22088.0	226.91063829787234
22163.0	193.64564564564566
22238.0	151.86629526462394
22313.0	175.35714285714286
22388.0	202.4090909090909
22463.0	206.1890034364261
22538.0	185.8808664259928
22613.0	190.08333333333334
22688.0	188.11023622047244
22763.0	203.73488372093024
22838.0	195.64897959183673
22913.0	200.43928571428572
22988.0	194.98722044728436
23063.0	206.24827586206897
23138.0	204.10055865921788
23213.0	203.85745614035088
23288.0	202.760391198044
23363.0	197.67326732673268
23438.0	182.61555075593952
23513.0	178.90865384615384
23588.0	188.46060606060607
23663.0	233.81869688385268
23738.0	195.89077669902912
23813.0	184.4038876889849
23888.0	174.87434554973822
23963.0	178.60326086956522
24038.0	182.75918367346938
24113.0	204.69458128078819
24188.0	181.9090909090909
24263.0	178.5678391959799
24338.0	189.62946428571428
24413.0	202.08727272727273
24488.0	202.69683257918552
24563.0	189.03254437869822
24638.0	234.5066225165563
24713.0	211.9173126614987
24788.0	191.80154639175257
24863.0	187.43567251461988
24938.0	171.47027027027028
25013.0	195.10714285714286
25088.0	203.7570093457944
25163.0	202.61864406779662
25238.0	186.20833333333334
25313.0	177.6546052631579
25388.0	167.81764705882352
25463.0	206.40825688073394
25538.0	211.33522727272728
25613.0	201.22073578595317
25688.0	170.04927536231884
25763.0	213.04761904761904
25838.0	213.90613718411552
25913.0	220.16438356164383
25988.0	229.3804713804714
26063.0	219.03303303303304
26138.0	209.24046920821115
26213.0	192.37527593818984
26288.0	186.384375
26363.0	169.85507246376812
26438.0	205.71900826446281
26513.0	226.24767801857584
26588.0	208.56167400881057
26663.0	199.8961625282167
26738.0	202.52545824847252
26813.0	189.99784017278617
26888.0	172.98043052837573
26963.0	222.38871473354232
27038.0	222.0846394984326
27113.0	213.261569416499
27188.0	204.2231543624161
27263.0	174.46491228070175
27338.0	186.37062937062936
27413.0	193.24291497975707
27488.0	201.98830409356725
27563.0	209.71985815602838
27638.0	222.93406593406593
27713.0	212.54137115839242
27788.0	193.54786150712832
27863.0	194.34545454545454
27938.0	202.8390243902439
28013.0	202.2674418604651
28088.0	196.05904761904762
28163.0	199.37188612099644
28238.0	181.03728070175438
28313.0	188.34593837535013
28388.0	184.20891364902508
28463.0	207.25420875420875
28538.0	192.33968253968254
28613.0	175.1534090909091
28688.0	187.2753108348135
28763.0	199.06102362204723
28838.0	209.0737704918033
28913.0	199.05409582689336
28988.0	190.17174177831913
29063.0	194.32465277777777
29138.0	212.5990415335463
29213.0	211.13178294573643
29288.0	181.51821862348177
29363.0	193.0359612724758
29438.0	180.4747474747475
29513.0	191.30200501253134
29588.0	149.15028089887642
29663.0	138.17751479289942
29738.0	119.6283422459893
29813.0	80.82558139534883
29877.0	31.26423928995737
