# Position (bp)	A	C	G	T	N
0.0	31.794045197226033	24.473056499782267	26.72674331693304	16.973982672446848	0.03217231361181341
1.0	32.73646650504683	15.23862757459752	18.32327000695442	33.701310940536466	3.2497286476579205E-4
2.0	33.548726474522994	17.659856346845736	16.06843657050824	32.722980608123024	0.0
3.0	38.46847840902453	16.982650630561633	18.656575949736805	25.892295010677035	0.0
4.0	39.68594301432427	16.27763649574424	18.593977060411042	25.442443429520452	0.0
5.0	40.123010482153106	16.320449763154567	16.220264631406256	27.335950899558732	3.2422372734081426E-4
6.0	29.607124454339516	17.742432049674143	16.54594890641052	36.10449458957582	0.0
7.0	32.7238801135112	19.30176357016055	17.41898073160302	30.555375584725226	0.0
8.0	32.75008339081633	17.53474077600417	17.708323213088633	32.00685262009087	0.0
9.0	40.354097469067455	14.957364566944428	18.83113519673161	25.857402767256506	0.0
10.0	34.98268888529364	19.86701181038667	19.96343633716227	25.18686296715742	0.0
11.0	31.620111009043743	19.01094564697054	19.175259732698503	30.193683611287213	0.0
12.0	34.3237012535607	17.631652973528755	18.761377267774403	29.28326850513614	0.0
13.0	35.043784534849905	17.596859146282355	17.559375706853654	29.79998061201409	0.0
14.0	35.08246700189576	16.86157105532572	17.978032482988255	30.07792945979027	0.0
15.0	35.502561305087426	16.844252637966708	19.090841599338933	28.56234445760693	0.0
16.0	35.540141628893586	17.445195425289953	17.991063507170164	29.023599438646297	0.0
17.0	35.095860812357905	17.664511343663833	18.304658400116097	28.93496944386217	0.0
18.0	35.62081494353297	17.038116454586195	18.51241694365548	28.828651658225358	0.0
19.0	35.09131779495664	17.76657604226129	18.241628530239847	28.900477632542227	0.0
20.0	35.61457335230334	17.016224517119785	17.86374502763233	29.505457102944543	0.0
21.0	35.35291915201281	17.228935884525008	18.689157435381002	28.728987528081184	0.0
22.0	35.69161524875935	17.728119541387784	17.774936474265214	28.805328735587647	0.0
23.0	34.948928499899864	17.125911760335438	18.09662559841843	29.828534141346275	0.0
24.0	35.52824171456821	16.583141888726256	18.70858091886949	29.180035477836046	0.0
25.0	35.78585372790857	17.205781587350838	18.12208302628347	28.886281658457126	0.0
26.0	34.638659373909	17.041002366267115	18.012077013589874	30.308261246234014	0.0
27.0	34.531676343933064	17.03274321405941	18.957312263187163	29.478268178820365	0.0
28.0	35.17328997177835	17.17318005928809	17.753776625492584	29.89975334344097	0.0
29.0	35.06320971532193	17.28109332928205	17.74494370763527	29.91043000707897	3.23240681779246E-4
30.0	35.261511212240706	17.18940897367111	18.648390078669916	28.90068973541827	0.0
31.0	35.42688720404878	17.360208902936407	17.806195988701663	29.406707904313144	0.0
32.0	34.890928442717616	17.443037892782158	17.515504239604798	30.150529424895424	0.0
33.0	31.61116585913334	18.24340970682434	19.751375544058472	30.39404888998385	0.0
34.0	31.67425149700599	18.992643284858854	18.41471343028229	30.918391787852865	0.0
35.0	31.2423293848339	18.282954341740556	18.724574927258438	31.750141346167105	0.0
36.0	31.01252731948457	18.106009941879307	20.113345697482814	30.768117041153314	0.0
37.0	30.672103797258917	18.971472299589113	19.486804732096076	30.869619171055895	0.0
38.0	31.06257260953051	18.260198083970227	18.712143933204402	31.965085373294862	0.0
39.0	31.49355127939858	18.419891026967377	19.58272984343748	30.503827850196565	0.0
40.0	31.699518857674995	18.34445651611568	18.654870919343992	31.301153706865332	0.0
41.0	30.35133410372721	18.672622846202934	18.824401938632953	32.1516411114369	0.0
42.0	30.959751253567447	18.289488668716547	19.971840026503504	30.7789200512125	0.0
43.0	31.2181129053415	18.861971597616794	18.956554157145124	30.96336133989658	0.0
44.0	30.689617078862696	17.876327381692146	18.968957565212587	32.46509797423257	0.0
45.0	31.028958335491314	18.77889532253999	19.506392793390027	30.68575354857867	0.0
46.0	31.379979825058385	18.432434673262673	19.089502121132558	31.09808338054638	0.0
47.0	30.664809219941514	18.161266013564433	18.590944601536197	32.58298016495787	0.0
48.0	30.986655785662663	18.299451223940054	19.70821850070369	31.00567448969359	0.0
49.0	31.495362987612722	18.6400633719261	19.232964470903223	30.631609169557954	0.0
50.0	30.567776281676295	18.729729074866995	18.699268602521986	32.00322604093472	0.0
51.0	31.013329084283598	18.305668324719772	19.907375334266277	30.773627256730357	0.0
52.0	30.15714028253365	18.387215282880234	19.943021917846202	31.512622516739913	0.0
53.0	30.28484821159162	17.82304242722723	19.35844122512824	32.53366813605291	0.0
54.0	30.32132904385609	18.296910951701737	20.20184142121903	31.17991858322315	0.0
55.0	30.408655933586896	19.004150818874937	19.583528717066987	31.00366453047118	0.0
56.0	30.784450085190723	18.236378177266246	18.519072290413437	32.46009944712959	0.0
57.0	29.954292437887496	18.697630377948972	20.288866222703394	31.05921096146014	0.0
58.0	30.656372270632055	18.597504677423288	19.37132643711	31.37479661483466	0.0
59.0	29.98228335472351	18.276393616427654	19.31428212711344	32.427040901735396	0.0
60.0	30.112715794178445	18.673878428962514	19.584543829264206	31.628512766076316	3.4918151852058774E-4
61.0	30.70871095483921	18.406842099744505	19.54905613555578	31.33539080986051	0.0
62.0	29.857654108930117	18.44549471231717	18.53295225168181	33.1638989270709	0.0
63.0	30.259509271189287	18.272785838328385	19.6403562825612	31.827348607921124	0.0
64.0	30.19451735097574	18.960798674016115	19.290542553079653	31.554141421928495	0.0
65.0	30.43487411169649	18.223813899976847	19.117554210190324	32.22375777813634	0.0
66.0	30.852770882124712	18.107380240940167	20.053300374647563	30.986548502287565	0.0
67.0	31.08238254915607	18.92991964907101	19.29933708726125	30.688360714511674	0.0
68.0	30.738016470753855	18.349757161962412	19.29084254240867	31.62138382487506	0.0
69.0	30.78140197059611	18.445794511086365	19.92233201302454	30.85047150529298	0.0
70.0	30.697544761004114	18.892072520942573	19.313041207647302	31.097341510406007	0.0
71.0	30.652245350821712	18.574098873879443	19.002003484012764	31.771652291286077	0.0
72.0	30.210770347036654	18.61326915249438	20.266869591378057	30.909090909090907	0.0
73.0	30.520065229722064	19.00099262620533	19.723837209302324	30.755104934770277	0.0
74.0	30.484946626041378	18.751198517034922	18.62335669997656	32.14049815694714	0.0
75.0	30.36200897907491	18.34057873054949	20.403204576339924	30.894207714035677	0.0
76.0	30.573632243502196	19.278564831818457	19.31422295598718	30.833579968692167	0.0
77.0	30.180405555118757	18.48906773785443	18.87468103811818	32.45584566890864	0.0
78.0	29.87884389419081	18.671008511735877	19.993265124810133	31.45652423122116	3.5823804201415754E-4
79.0	30.270864230336937	18.649880242316296	19.3045077007602	31.774747826586562	0.0
80.0	30.775989657792486	18.44024242249646	18.555115827682688	32.22865209202836	0.0
81.0	30.74229186222832	18.21828290851325	20.15885623510723	30.880568994151204	0.0
82.0	30.069405976082635	19.225129525237055	19.32216031078816	31.383304187892154	0.0
83.0	30.412891694941113	18.53871359135129	18.973910010970727	32.0741214336053	3.632691315688141E-4
84.0	30.384110787172013	18.553206997084548	20.065962099125365	30.996720116618075	0.0
85.0	30.799726439211355	18.86801423393836	19.620672125691673	30.711587201158608	0.0
86.0	30.44836382990438	18.725934626608183	19.083818158459817	31.74188338502762	0.0
87.0	30.631244657962213	18.067508620943734	19.905906451707978	31.395340269386068	0.0
88.0	30.24959867433069	19.099772890358565	19.429710675632688	31.220917759678052	0.0
89.0	30.270691767851176	18.20429987746463	19.380639411830234	32.144368942853966	0.0
90.0	30.61445890931866	18.78606898402899	20.001043856902132	30.598055443713747	3.728060364753426E-4
91.0	30.85548219415098	18.67619907197615	19.27465835764496	31.19366037622791	0.0
92.0	29.906450654318807	18.87913815737505	19.402367509375622	31.812043678930518	0.0
93.0	30.946612491732022	17.96655012756307	20.354152886705094	30.73230652933951	3.779646603042615E-4
94.0	30.717077450745794	18.972033257747544	19.092438762216222	31.218450529290443	0.0
95.0	30.451132125173224	18.463699840803844	19.27495122947534	31.810216804547586	0.0
96.0	31.226273505782643	18.266473719968833	20.378011753371126	30.129241020877394	0.0
97.0	30.490731737432668	18.909647944930626	19.329073482428115	31.270546835208595	0.0
98.0	30.167064439140812	18.35535634592623	19.183111162853873	32.29446805207909	0.0
99.0	30.42712822434576	19.01271001186684	20.090094310161764	30.47006745362563	0.0
100.0	30.46121939148264	19.02814765933712	19.904079564469374	30.606553384710868	0.0
101.0	30.345206302049586	18.62881433605664	19.071680283181365	31.95429907871241	0.0
102.0	30.5801904035347	18.047807498529856	20.23196490726172	31.140037190673723	0.0
103.0	30.286041052669464	19.190303476240558	19.37705193366631	31.14580375816275	7.997792609239849E-4
104.0	30.43686391246631	18.719980691097792	18.985880365260066	31.85727503117583	0.0
105.0	29.937847960319868	18.36137260856362	20.55633161251139	31.14444781860512	0.0
106.0	29.703337504024653	19.73198893068637	19.417353064643	31.146912941234007	4.0755941197328035E-4
107.0	30.394280229381504	18.842345335663246	18.546594144044366	32.216780290910876	0.0
108.0	30.55166804965549	18.625763224056573	20.302688777974563	30.51987994831337	0.0
109.0	30.73446374666323	19.20649308529659	19.56532586007601	30.493301511006145	4.1579695802945504E-4
110.0	30.12541442014668	18.83895381936305	18.97165198754228	32.063979772947995	0.0
111.0	30.671544598940397	18.40941755634138	20.05066193484757	30.86837590987065	0.0
112.0	30.995544239338003	18.64714619138553	19.396987057076174	30.960322512200296	0.0
113.0	29.91959717371883	18.49094025569894	19.050468695901206	32.53899387468102	0.0
114.0	30.6136332322954	18.12267497933315	20.18247106640948	31.080359603196474	8.611187655001379E-4
115.0	30.25494423501546	19.192177719166583	19.69278287010728	30.860095175710672	0.0
116.0	30.40875625368667	18.624516636445065	18.432263561488213	32.534463548380046	0.0
117.0	30.151101017169967	18.467510860523152	20.326233830254534	31.05515429205234	0.0
118.0	30.98310496208594	18.84484058356614	19.15170058977429	31.019910425258303	4.434393153296971E-4
119.0	30.275881175377133	18.846071351969687	18.877350396797027	32.00025023235862	4.468434975334239E-4
120.0	30.794511173938883	17.932326088130953	20.3215321171958	30.950280023770503	0.0013505969638580252
121.0	30.521993602685964	18.85120573489712	19.610716635285044	31.0151766067013	9.074204305709944E-4
122.0	30.236001681809043	18.501270497047695	19.5057857887136	31.75557099245014	0.001371039979525803
123.0	30.211111571751676	18.857703522518417	19.905660811925063	31.025524093804847	0.0
124.0	30.488563654430134	18.715117520871445	19.43667988447573	31.359174614377384	4.643258453052014E-4
125.0	30.382720266533152	18.857126813815178	18.956328056638295	31.80288900223203	9.358607813501664E-4
126.0	30.57803713427827	18.750029460426397	19.808247976657913	30.86274269499267	9.427336447496807E-4
127.0	30.184688795102847	19.44792973651192	19.366659062393065	31.000722405992164	0.0
128.0	30.688845213556398	18.574373232347444	18.910886342936582	31.825895211159583	0.0
129.0	30.449032470137816	19.23313046546815	19.89829213939391	30.418578120241506	9.668047586130219E-4
130.0	31.03602901037199	19.41530843016455	19.051216563986586	30.49744599547688	0.0
131.0	30.881392069878604	18.624633387864588	18.663443918782825	31.830530623473983	0.0
132.0	30.12282796652579	19.228349031596366	20.440278059922605	30.20854494195524	0.0
133.0	30.467824861721105	19.24962151304843	19.69431245284527	30.588241172385196	0.0
134.0	30.676831142395034	18.90723488302959	18.423532138520375	31.992401836055002	0.0
135.0	30.59979065253402	18.552656985193238	19.35193748031016	31.49561488196258	0.0
136.0	30.827888384964258	18.83875265841597	19.28562277397699	31.04722371691393	5.124657288543828E-4
137.0	30.946068170659224	18.508928340698244	19.066077473705974	31.478926014936558	0.0
138.0	30.557974831418484	19.069920259508624	20.248035171345574	30.123548217182016	5.215205453018821E-4
139.0	29.647633176562188	20.637500920635922	19.301263638563597	30.413602264238293	0.0
140.0	28.4526487817302	19.009996604125988	17.471241191951776	35.06611342219203	0.0
141.0	30.87721737642321	18.236366845108538	19.32145741193332	31.564423575718358	5.347908165720979E-4
142.0	33.462585951193205	18.342186868005932	18.50937036537684	29.685317513819605	5.393016044222731E-4
143.0	34.564299089840176	17.79493097591778	17.743217349649438	29.895919522710447	0.0016330618821582548
144.0	34.606594662300985	17.76229769373606	17.798556250206016	29.823761440673312	0.008789953083625417
145.0	29.733370288248338	19.97062084257206	17.58259423503326	32.707317073170735	0.006097560975609756
146.0	29.532970878570186	18.92081053993068	19.069749211912853	32.475909449766796	5.599198194818502E-4
147.0	29.864769733854118	18.735239349623036	22.704718866382052	28.695272050140797	0.0
148.0	31.06268943161738	19.364445952745953	23.329198506781506	26.243666108855162	0.0
149.0	28.310906290180903	22.805565810747158	23.601863757304173	25.27975455436595	0.001909587401815381
150.0	5.8785822437859885	32.845569788132316	29.699052839822727	31.572374310628753	0.0044208176302207094
