#Coverage	Number of genomic locations
0.0	938.0
1.0	1313.0
2.0	2097.0
3.0	2267.0
4.0	3559.0
5.0	2893.0
6.0	2852.0
7.0	2682.0
8.0	2363.0
9.0	1867.0
10.0	1783.0
11.0	941.0
12.0	806.0
13.0	872.0
14.0	574.0
15.0	562.0
16.0	426.0
17.0	300.0
18.0	306.0
19.0	124.0
20.0	83.0
21.0	112.0
22.0	26.0
23.0	12.0
24.0	5.0
26.0	45.0
29.0	7.0
30.0	4.0
32.0	1.0
33.0	6.0
72.0	1.0
73.0	9.0
74.0	5.0
75.0	6.0
110.0	6.0
111.0	11.0
112.0	3.0
128.0	1.0
2295.0	1.0
6801.0	1.0
12143.0	1.0
12586.0	1.0
12926.0	1.0
13296.0	1.0
13689.0	1.0
14128.0	1.0
14698.0	1.0
15304.0	1.0
16018.0	1.0
16821.0	1.0
17674.0	1.0
18656.0	1.0
19242.0	1.0
19363.0	1.0
19499.0	1.0
19637.0	1.0
19680.0	1.0
19786.0	1.0
19937.0	1.0
20094.0	1.0
20277.0	1.0
20297.0	1.0
20465.0	1.0
20651.0	1.0
20900.0	1.0
20942.0	1.0
21168.0	1.0
21471.0	1.0
21530.0	1.0
21575.0	1.0
21623.0	1.0
21627.0	2.0
