# Position (bp)	A	C	G	T	N
0.0	88.16473988439306	5.513005780346821	2.9624277456647397	3.352601156069364	0.007225433526011561
1.0	90.0	3.4393063583815024	2.2615606936416186	4.2991329479768785	0.0
2.0	90.43246653115582	3.9111235718791617	1.8434148734842641	3.81299502348076	0.0
3.0	92.58773141751865	2.2796352583586628	2.2934512296214424	2.8391820945012434	0.0
4.0	93.25996308701893	2.2352860756032538	1.8388133160161322	2.665937521361679	0.0
5.0	93.43995662781242	2.053402005963676	1.4638113309840064	3.0428300352399025	0.0
6.0	91.72886826709703	2.414094546432654	1.566807881110887	4.290229305359424	0.0
7.0	92.3744658119658	2.3504273504273505	1.8830128205128205	3.392094017094017	0.0
8.0	92.25011591706962	2.2123600715373914	2.0600119228985894	3.477512088494403	0.0
9.0	93.42494575580248	1.788414754421724	1.9856663817476492	2.8009731080281415	0.0
10.0	93.1772226208336	2.296001565455613	2.3025242971756574	2.2242515165351247	0.0
11.0	92.51833106222827	2.264616183245734	1.9466614755693983	3.2703912789565894	0.0
12.0	93.03421562298257	1.9690122659780502	1.8657198192382183	3.131052291801162	0.0
13.0	93.15279471218636	1.9444266187512032	1.9380093691843676	2.964769299878072	0.0
14.0	93.01078700453182	1.7999617029424906	1.819110231697198	3.370141060828493	0.0
15.0	93.27149120020331	1.8362030624563188	2.014105089268696	2.8782006480716693	0.0
16.0	93.06993183539511	1.748295884877556	2.076495834385256	3.1052764453420854	0.0
17.0	93.19025741078734	1.7685191012650263	2.127257851343697	2.9139656366039395	0.0
18.0	93.16389132340052	1.9093526981344686	2.0533366720921498	2.8734193063728557	0.0
19.0	92.79953917050692	2.2145417306707627	2.2145417306707627	2.7713773681515614	0.0
20.0	92.49507550886409	1.9566644780039395	2.2324359816152333	3.315824031516743	0.0
21.0	92.08633093525181	2.1854214741414415	2.3686711008551646	3.359576489751595	0.0
22.0	91.945885321744	2.2220664517033506	2.4183373054815647	3.413710921071078	0.0
23.0	91.47320459969625	2.4300282056845304	2.162435813987127	3.9343313806320968	0.0
24.0	91.62389347615859	2.1572565647548907	2.6705348508517446	3.548315108234769	0.0
25.0	91.13499504535406	2.4773229666895342	2.805091851513073	3.582590136443326	0.0
26.0	90.70872274143302	2.5077881619937696	2.546728971962617	4.2367601246105915	0.0
27.0	90.64290260980268	2.5700190961171225	2.633672819859962	4.153405474220242	0.0
28.0	90.86499595796282	2.983023443815683	2.4090541632983022	3.7429264349232017	0.0
29.0	90.81465728774742	2.519221331588418	2.519221331588418	4.1469000490757395	0.0
30.0	90.46396023198011	2.634631317315659	2.6926263463131734	4.208782104391052	0.0
31.0	90.41861240827218	2.6934623082054703	2.64342895263509	4.244496330887258	0.0
32.0	90.22486211285532	2.834111158252015	2.825625795502758	4.115400933389902	0.0
33.0	78.77018875267562	6.382564701303756	6.0517610430044755	8.79548550301615	0.0
34.0	77.33961153619776	7.121836374337846	5.650382577987051	9.888169511477338	0.0
35.0	71.27551020408164	8.341836734693878	7.857142857142857	12.525510204081632	0.0
36.0	71.81564953152697	8.103317295517853	7.62218283109648	12.4588503418587	0.0
37.0	71.38157894736842	8.299595141700406	8.147773279352228	12.171052631578947	0.0
38.0	70.9992486851991	9.516654144753318	6.7618332081142	12.722263961933383	0.0
39.0	71.71692000996761	8.298031397956642	8.123598305507102	11.861450286568651	0.0
40.0	73.81656804733728	7.938856015779093	6.656804733727811	11.587771203155818	0.0
41.0	72.60004910385466	8.151239872329977	6.997299287994108	12.251411735821263	0.0
42.0	72.57549717652836	7.758409035109256	7.5374416891726	12.128652099189786	0.0
43.0	72.63157894736842	8.641370869033048	7.221542227662178	11.505507955936352	0.0
44.0	72.26581657675331	7.601765571358509	7.111329082883766	13.021088769004413	0.0
45.0	72.66275085658346	7.684777288301517	7.905041605482134	11.747430249632892	0.0
46.0	73.69575816674792	7.947342759629448	7.484154071184788	10.872745002437835	0.0
47.0	72.82502443792767	8.113391984359726	7.038123167155426	12.023460410557185	0.0
48.0	72.16494845360825	7.241040746195386	8.075601374570446	12.51840942562592	0.0
49.0	72.02866320731405	8.401284902396837	7.462317766246603	12.1077341240425	0.0
50.0	72.03980099502488	7.985074626865672	7.213930348258707	12.761194029850747	0.0
51.0	71.30303791112227	8.260105448154658	7.7830780818478535	12.65377855887522	0.0
52.0	71.46807440925087	8.094519859225741	8.823529411764707	11.613876319758672	0.0
53.0	69.74917658981505	8.639473017481631	8.614137319483152	12.997213073220168	0.0
54.0	70.77196546470289	8.862366683595733	8.176739461655663	12.188928390045708	0.0
55.0	71.04118700434894	8.51880276285495	8.493220772576105	11.946789460220005	0.0
56.0	69.7716658017644	8.484691229891023	7.42086144265698	14.322781525687597	0.0
57.0	69.3717277486911	9.136125654450261	8.481675392670157	13.010471204188482	0.0
58.0	69.82689747003995	8.788282290279627	9.081225033288948	12.303595206391478	0.0
59.0	70.30156165858912	8.023694130317716	8.266020463112547	13.408723747980615	0.0
60.0	68.16693944353518	9.138025095471903	8.51063829787234	14.184397163120568	0.0
61.0	68.05593638607075	9.322731011790513	9.322731011790513	13.29860159034823	0.0
62.0	67.62169680111265	9.040333796940194	8.066759388038943	15.271210013908206	0.0
63.0	67.22268557130943	9.285515707534056	9.22991381706978	14.261884904086738	0.0
64.0	68.39016210173281	9.642258244829515	8.216880939072107	13.750698714365567	0.0
65.0	68.66723020569174	9.551986475063398	7.974077204846436	13.806706114398423	0.0
66.0	67.35395189003437	9.965635738831615	8.963344788087056	13.717067583046965	0.0
67.0	68.55920114122682	9.386590584878745	10.385164051355208	11.66904422253923	0.0
68.0	68.06506849315068	9.960045662100457	8.98972602739726	12.9851598173516	0.0
69.0	67.2795173800632	10.140764148233266	8.216029876472279	14.363688595231256	0.0
70.0	67.13831937626335	8.28761189719896	9.47155645394167	15.102512272596014	0.0
71.0	67.48681898066783	10.339777387229057	9.16813122437024	13.005272407732866	0.0
72.0	65.71680376028202	10.076380728554641	9.283196239717979	14.923619271445359	0.0
73.0	67.44529863985808	10.053222945002958	8.781785925487878	13.719692489651095	0.0
74.0	65.31213191990577	10.777385159010601	8.627797408716138	15.282685512367491	0.0
75.0	66.73535472475713	9.567265234030026	10.509272887842213	13.18810715337062	0.0
76.0	65.10802012429713	10.387688665285587	10.180526783071915	14.323764427345367	0.0
77.0	66.84587813620072	8.751493428912784	8.930704898446834	15.471923536439666	0.0
78.0	65.47368421052632	9.233082706766917	10.13533834586466	15.157894736842106	0.0
79.0	66.57575757575758	9.393939393939393	9.575757575757576	14.454545454545453	0.0
80.0	68.10580723624201	8.72605655214351	9.516570386135603	13.65156582547887	0.0
81.0	67.5609756097561	9.786585365853659	9.634146341463415	13.01829268292683	0.0
82.0	64.31811309343816	11.006954944058059	9.101905049894164	15.573026912609617	0.0
83.0	65.7496977025393	9.94558645707376	8.434099153567109	15.87061668681983	0.0
84.0	65.37885594489367	10.212638514525308	10.272536687631026	14.135968852949985	0.0
85.0	67.33091787439614	10.38647342995169	9.873188405797102	12.409420289855072	0.0
86.0	66.71746418774764	10.667479427003961	8.168241389820178	14.446814995428223	0.0
87.0	65.96469495199753	10.250851656859709	9.755342211210902	14.029111179931867	0.0
88.0	66.5206508135169	10.168961201501878	9.198998748435544	14.111389236545682	0.0
89.0	66.23904881101377	10.481852315394242	8.823529411764707	14.455569461827283	0.0
90.0	67.20430107526882	8.72865275142315	9.898798228969007	14.168247944339027	0.0
91.0	67.09984152139461	9.381933438985737	9.350237717908081	14.16798732171157	0.0
92.0	65.23263224984066	10.739324410452518	8.476736775015933	15.551306564690886	0.0
93.0	64.92632927610506	10.730301089045485	10.57014734144779	13.773222293401666	0.0
94.0	66.92406692406692	9.362934362934363	9.298584298584299	14.414414414414415	0.0
95.0	65.66775244299674	9.86970684039088	9.055374592833875	15.4071661237785	0.0
96.0	66.56785243741766	8.72859025032938	10.67193675889328	14.031620553359684	0.0
97.0	66.27790736421193	9.563478840386539	9.830056647784073	14.32855714761746	0.0
98.0	66.07501674480912	9.511051574012058	9.544541192230408	14.869390488948426	0.0
99.0	65.53119730185497	9.814502529510962	10.15177065767285	14.502529510961216	0.0
100.0	64.93197278911565	10.612244897959183	11.122448979591837	13.333333333333334	0.0
101.0	65.48310003414134	10.139979515192898	8.97917377944691	15.397746671218846	0.0
102.0	66.96675900277008	10.526315789473683	8.483379501385041	14.023545706371191	0.0
103.0	66.50400836528408	10.108051585918439	9.933774834437086	13.454165214360406	0.0
104.0	65.47450424929178	9.879603399433428	10.26912181303116	14.376770538243628	0.0
105.0	65.43431442928932	10.839913854989232	8.722182340272793	15.003589375448673	0.0
106.0	64.75468975468975	10.569985569985569	9.307359307359308	15.367965367965366	0.0
107.0	65.54347826086956	10.615942028985508	9.057971014492754	14.782608695652174	0.0
108.0	64.49944588104913	9.346139637975618	11.008496490579978	15.145917990395272	0.0
109.0	64.78715459297983	10.941000746825988	9.634055265123227	14.63778939507095	0.0
110.0	66.79245283018868	9.056603773584905	9.50943396226415	14.641509433962263	0.0
111.0	66.31056848531095	9.233117130866082	9.805417779473483	14.650896604349484	0.0
112.0	65.69879984514131	9.136662795199381	9.291521486643438	15.873015873015872	0.0
113.0	63.80054966627405	9.933254809579898	10.797016097369454	15.4691794267766	0.0
114.0	65.814696485623	9.584664536741213	9.704472843450478	14.896166134185304	0.0
115.0	62.71186440677966	11.46085552865214	10.573042776432606	15.254237288135593	0.0
116.0	64.5824929407019	9.802339653085921	8.793868495361034	16.821298910851148	0.0
117.0	63.850528025995125	11.941510966693745	9.179528838342812	15.028432168968319	0.0
118.0	65.46497337156903	10.118803768947153	9.176566980745596	15.239655878738223	0.0
119.0	63.83595691797845	10.480530240265121	10.066280033140016	15.617232808616405	0.0
120.0	64.16910841356216	9.920468815403934	11.845960652992884	14.064462118041021	0.0
121.0	64.66863655550866	10.595187842971718	9.919797382861967	14.816378218657661	0.0
122.0	64.47480785653288	9.77796754910333	9.77796754910333	15.96925704526046	0.0
123.0	64.19646704006894	10.64196467040069	9.95260663507109	15.208961654459285	0.0
124.0	64.10146173688736	11.006018916595012	9.759243336199484	15.133276010318141	0.0
125.0	64.92666091458153	10.051768766177739	10.051768766177739	14.969801553062986	0.0
126.0	66.21739130434783	10.782608695652174	8.782608695652174	14.217391304347826	0.0
127.0	64.5118733509235	10.510114335971856	9.762532981530343	15.215479331574318	0.0
128.0	64.93794326241135	10.50531914893617	8.77659574468085	15.780141843971633	0.0
129.0	62.9973474801061	11.71529619805482	9.991158267020337	15.296198054818744	0.0
130.0	64.68218442256043	10.250671441360788	8.594449418084155	16.472694717994628	0.0
131.0	64.41662941439428	10.907465355386678	9.611086276262853	15.064818953956191	0.0
132.0	65.73777980813156	9.27364093193239	10.963910461397898	14.024668798538146	0.0
133.0	66.55675930287329	8.761186999528968	9.609043805934997	15.073009891662743	0.0
134.0	65.869140625	9.814453125	9.375	14.94140625	0.0
135.0	64.76190476190476	9.523809523809524	10.075187969924812	15.639097744360903	0.0
136.0	63.42213114754098	9.579918032786885	10.040983606557377	16.956967213114755	0.0
137.0	62.38868517548455	10.162388685175484	10.790990047145103	16.657936092194866	0.0
138.0	63.183540877098	10.828370330265296	11.694639956686519	14.29344883595019	0.0
139.0	63.48314606741573	11.404494382022472	10.280898876404494	14.831460674157304	0.0
140.0	60.220034742327734	10.364794441227563	9.496236247828605	19.9189345686161	0.0
141.0	58.75603864734299	11.594202898550725	12.016908212560388	17.632850241545896	0.0
142.0	61.96127420362274	8.994378513429107	12.054965646470956	16.9893816364772	0.0
143.0	61.150614091790565	10.213316095669036	11.570782159017453	17.065287653522947	0.0
144.0	60.322797579018165	9.751176866173504	10.423671822461332	19.502353732347007	0.0
145.0	57.5208913649025	13.92757660167131	10.376044568245126	18.17548746518106	0.0
146.0	55.10204081632652	13.411078717201166	12.099125364431487	19.387755102040817	0.0
147.0	54.112221368178325	13.066871637202151	15.295926210607224	17.524980784012296	0.0
148.0	52.116182572614115	12.863070539419086	15.518672199170124	19.502074688796682	0.0
149.0	50.42412818096136	14.514608859566447	17.05937794533459	18.001885014137606	0.0
150.0	6.382978723404255	30.023640661938533	30.023640661938533	33.56973995271868	0.0
