# Position (bp)	A	C	G	T	N
0.0	98.69352869352869	0.3907203907203907	0.695970695970696	0.21978021978021978	0.0
1.0	98.81606249237154	0.4516050286830221	0.2929329915781765	0.43939948736726475	0.0
2.0	99.14686166971359	0.3168799512492383	0.23156611822059717	0.30469226081657524	0.0
3.0	99.44228903976722	0.15761396702230843	0.19398642095053348	0.20611057225994178	0.0
4.0	99.23958961979481	0.3138201569100785	0.16898008449004223	0.2776101388050694	0.0
5.0	99.50857005873188	0.1678053457988733	0.0958887690279276	0.22773582644132806	0.0
6.0	99.11799761620978	0.4410011918951132	0.1430274135876043	0.29797377830750893	0.0
7.0	99.08670383109951	0.5218835250859922	0.13047088127149806	0.2609417625429961	0.0
8.0	99.1852639036486	0.2479631597591215	0.09446215609871296	0.47231078049356473	0.0
9.0	99.40225035161744	0.2578527894983591	0.19924988279418657	0.14064697609001406	0.0
10.0	99.30434782608695	0.2202898550724638	0.17391304347826086	0.3014492753623188	0.0
11.0	99.26462139492129	0.2987475583132253	0.1723543605653223	0.26427668620016087	0.0
12.0	99.45330296127563	0.1480637813211845	0.1480637813211845	0.2505694760820046	0.0
13.0	99.39148073022312	0.2028397565922921	0.14649537976109986	0.25918413342348434	0.0
14.0	99.29750223015165	0.211864406779661	0.211864406779661	0.27876895628902765	0.0
15.0	99.44794081925582	0.1987413050679033	0.16561775422325273	0.18770012145301976	0.0
16.0	99.33172655565293	0.2081507449605609	0.12050832602979841	0.33961437335670464	0.0
17.0	99.34612031386226	0.2179598953792502	0.23975588491717525	0.1961639058413252	0.0
18.0	99.34089681253376	0.21609940572663425	0.1728795245813074	0.2701242571582928	0.0
19.0	99.37661220980225	0.2579535683576956	0.13972484952708514	0.22570937231298369	0.0
20.0	99.36918635731851	0.20314337645675182	0.10691756655618519	0.3207526996685555	0.0
21.0	99.31842385516507	0.25559105431309903	0.1490947816826411	0.27689030883919064	0.0
22.0	99.3545656544281	0.2856840545973971	0.20103692730927947	0.15871336366522062	0.0
23.0	99.39873417721519	0.09493670886075949	0.12658227848101267	0.37974683544303794	0.0
24.0	99.38155136268344	0.22012578616352202	0.1991614255765199	0.1991614255765199	0.0
25.0	99.27989981214778	0.28177833437695676	0.19828845752452515	0.240033395950741	0.0
26.0	99.5110787475294	0.10402579839800269	0.14563611775720378	0.23925933631540622	0.0
27.0	99.42981546755132	0.18660584698320545	0.20733982998133943	0.1762388554841385	0.0
28.0	99.47357555739057	0.10322047894302229	0.19611890999174236	0.22708505367464907	0.0
29.0	99.40224672781613	0.0824487271977739	0.23704009069359994	0.27826445429248686	0.0
30.0	99.30062737838115	0.14398848092152627	0.14398848092152627	0.4113956597757894	0.0
31.0	99.36403733716278	0.16411939686121652	0.2461790952918248	0.22566417068417272	0.0
32.0	98.37069323370693	0.30095475300954755	0.8717310087173101	0.45662100456621	0.0
33.0	98.12555786968164	0.5058018446890806	0.5653079440642665	0.8033323415650104	0.0
34.0	98.4084084084084	0.5705705705705706	0.39039039039039036	0.6306306306306306	0.0
35.0	97.50124937531236	0.5497251374312844	0.6496751624187905	1.299350324837581	0.0
36.0	96.95456814777833	0.798801797304044	0.8986520219670495	1.3479780329505742	0.0
37.0	97.15568862275448	1.2974051896207583	0.7485029940119761	0.7984031936127743	0.0
38.0	97.25	1.0	0.8999999999999999	0.8500000000000001	0.0
39.0	97.2823351786613	0.9058882737795673	0.9058882737795673	0.9058882737795673	0.0
40.0	97.20670391061452	0.5586592178770949	0.9649568308786186	1.2696800406297613	0.0
41.0	97.12378017462763	0.9244992295839755	0.46224961479198773	1.4894709809964048	0.0
42.0	96.78778304370721	0.9478672985781991	1.369141653501843	0.8952080042127435	0.0
43.0	96.51795429815017	1.1425462459194777	0.5984766050054406	1.7410228509249184	0.0
44.0	97.19730941704036	0.952914798206278	0.6165919282511211	1.2331838565022422	0.0
45.0	96.53579676674366	1.2702078521939952	0.8083140877598153	1.3856812933025404	0.0
46.0	96.67271627344223	0.9074410163339384	1.0889292196007259	1.3309134906231095	0.0
47.0	96.41734758013828	1.3827781269641735	1.005656819610308	1.1942174732872406	0.0
48.0	96.12097304404996	1.051939513477975	1.183431952662722	1.6436554898093358	0.0
49.0	96.71907040328092	1.845522898154477	0.888585099111415	0.5468215994531784	0.0
50.0	96.35989010989012	1.0302197802197801	0.8241758241758242	1.7857142857142856	0.0
51.0	96.0431654676259	0.935251798561151	1.3669064748201438	1.6546762589928057	0.0
52.0	95.67164179104478	1.2686567164179103	1.1940298507462688	1.8656716417910446	0.0
53.0	95.6723338485317	0.8500772797527048	1.545595054095827	1.9319938176197835	0.0
54.0	96.15076182838813	1.0425020048115476	0.9623095429029671	1.8444266238973537	0.0
55.0	95.18174133558749	1.267962806424345	1.69061707523246	1.8596787827557058	0.0
56.0	95.42656112576957	1.8469656992084433	0.6156552330694811	2.1108179419525066	0.0
57.0	95.83718778908418	0.9250693802035153	1.6651248843663276	1.572617946345976	0.0
58.0	94.65500485908649	2.4295432458697768	1.4577259475218658	1.4577259475218658	0.0
59.0	93.97590361445783	1.4056224899598393	2.0080321285140563	2.610441767068273	0.0
60.0	94.5417095777549	1.4418125643666324	1.544799176107106	2.47167868177137	0.0
61.0	94.15584415584416	1.83982683982684	1.1904761904761905	2.813852813852814	0.0
62.0	94.16299559471366	1.9823788546255507	0.9911894273127754	2.8634361233480177	0.0
63.0	93.28859060402685	2.013422818791946	2.237136465324385	2.460850111856823	0.0
64.0	93.2648401826484	1.5981735159817352	2.1689497716894977	2.968036529680365	0.0
65.0	92.61025029797378	1.7878426698450536	2.3837902264600714	3.2181168057210967	0.0
66.0	92.91044776119402	1.3681592039800996	2.1144278606965177	3.6069651741293534	0.0
67.0	92.42424242424242	2.398989898989899	2.525252525252525	2.6515151515151514	0.0
68.0	92.89473684210526	2.5	0.6578947368421052	3.9473684210526314	0.0
69.0	92.66304347826086	1.6304347826086956	2.0380434782608696	3.6684782608695654	0.0
70.0	92.13483146067416	2.9494382022471908	2.387640449438202	2.528089887640449	0.0
71.0	91.77679882525698	2.3494860499265786	2.7900146842878124	3.0837004405286343	0.0
72.0	91.4027149321267	2.1116138763197587	2.1116138763197587	4.374057315233785	0.0
73.0	90.03115264797508	2.4922118380062304	3.115264797507788	4.361370716510903	0.0
74.0	90.60509554140127	2.8662420382165608	2.0700636942675157	4.45859872611465	0.0
75.0	91.23376623376623	3.2467532467532463	2.4350649350649354	3.0844155844155843	0.0
76.0	90.32258064516128	4.4142614601018675	2.037351443123939	3.225806451612903	0.0
77.0	89.19860627177701	3.3101045296167246	2.6132404181184667	4.878048780487805	0.0
78.0	90.64748201438849	2.5179856115107913	2.877697841726619	3.9568345323741005	0.0
79.0	89.57952468007313	2.742230347349177	1.6453382084095063	6.032906764168191	0.0
80.0	88.59315589353612	3.802281368821293	3.2319391634980987	4.3726235741444865	0.0
81.0	89.14728682170544	3.488372093023256	2.5193798449612403	4.844961240310078	0.0
82.0	88.6319845857418	4.8169556840077075	1.348747591522158	5.202312138728324	0.0
83.0	86.29856850715747	3.067484662576687	4.294478527607362	6.339468302658487	0.0
84.0	87.95180722891565	3.0120481927710845	4.819277108433735	4.216867469879518	0.0
85.0	91.1340206185567	1.8556701030927836	2.4742268041237114	4.536082474226804	0.0
86.0	87.90496760259178	1.9438444924406046	2.8077753779697625	7.343412526997841	0.0
87.0	87.78280542986425	1.583710407239819	5.203619909502263	5.429864253393665	0.0
88.0	88.32951945080092	4.805491990846682	3.8901601830663615	2.9748283752860414	0.0
89.0	86.65105386416862	5.386416861826698	3.0444964871194378	4.918032786885246	0.0
90.0	88.26405867970661	3.6674816625916873	3.6674816625916873	4.400977995110025	0.0
91.0	85.53615960099751	3.99002493765586	2.2443890274314215	8.229426433915211	0.0
92.0	86.70076726342711	3.580562659846547	4.859335038363171	4.859335038363171	0.0
93.0	84.51443569553805	6.299212598425196	4.199475065616798	4.986876640419948	0.0
94.0	85.33333333333334	4.533333333333333	3.2	6.933333333333333	0.0
95.0	86.53846153846155	3.021978021978022	4.1208791208791204	6.318681318681318	0.0
96.0	85.79545454545455	3.6931818181818183	4.829545454545454	5.681818181818182	0.0
97.0	85.58558558558559	5.405405405405405	3.303303303303303	5.7057057057057055	0.0
98.0	84.04907975460122	3.374233128834356	4.601226993865031	7.975460122699387	0.0
99.0	84.49367088607595	3.481012658227848	3.79746835443038	8.227848101265822	0.0
100.0	80.8080808080808	6.397306397306397	6.0606060606060606	6.7340067340067336	0.0
101.0	82.6797385620915	4.901960784313726	3.2679738562091507	9.15032679738562	0.0
102.0	84.94983277591973	4.013377926421405	3.0100334448160537	8.02675585284281	0.0
103.0	83.68055555555556	2.7777777777777777	3.8194444444444446	9.722222222222223	0.0
104.0	80.75601374570446	5.498281786941581	5.154639175257731	8.59106529209622	0.0
105.0	83.50877192982456	7.017543859649122	4.2105263157894735	5.263157894736842	0.0
106.0	83.03249097472924	5.054151624548736	5.054151624548736	6.859205776173286	0.0
107.0	82.46268656716418	5.970149253731343	4.477611940298507	7.08955223880597	0.0
108.0	84.46969696969697	6.4393939393939394	5.303030303030303	3.787878787878788	0.0
109.0	82.10116731517509	3.11284046692607	7.782101167315175	7.003891050583658	0.0
110.0	78.65612648221344	6.324110671936759	3.1620553359683794	11.857707509881422	0.0
111.0	83.13725490196079	3.1372549019607843	3.5294117647058822	10.196078431372548	0.0
112.0	82.32931726907631	4.417670682730924	6.827309236947792	6.425702811244979	0.0
113.0	81.14754098360656	5.327868852459016	6.557377049180328	6.967213114754098	0.0
114.0	84.21052631578947	6.0728744939271255	4.048582995951417	5.668016194331984	0.0
115.0	79.13043478260869	4.3478260869565215	5.217391304347826	11.304347826086957	0.0
116.0	81.63265306122449	4.8979591836734695	4.081632653061225	9.387755102040817	0.0
117.0	78.96995708154506	6.866952789699571	9.012875536480687	5.150214592274678	0.0
118.0	83.92857142857143	4.464285714285714	5.803571428571429	5.803571428571429	0.0
119.0	78.94736842105263	9.210526315789473	4.824561403508771	7.017543859649122	0.0
120.0	81.41592920353983	6.1946902654867255	6.1946902654867255	6.1946902654867255	0.0
121.0	77.67857142857143	5.803571428571429	8.035714285714286	8.482142857142858	0.0
122.0	80.26905829596413	5.829596412556054	7.174887892376682	6.726457399103139	0.0
123.0	81.65137614678899	5.5045871559633035	5.5045871559633035	7.339449541284404	0.0
124.0	77.92792792792793	6.756756756756757	4.504504504504505	10.81081081081081	0.0
125.0	76.74418604651163	5.5813953488372094	6.511627906976744	11.162790697674419	0.0
126.0	81.06796116504854	4.854368932038835	7.281553398058252	6.796116504854369	0.0
127.0	77.5609756097561	6.829268292682928	6.341463414634147	9.268292682926829	0.0
128.0	80.5	5.0	4.0	10.5	0.0
129.0	77.11442786069652	7.960199004975125	5.472636815920398	9.45273631840796	0.0
130.0	80.0	8.0	6.0	6.0	0.0
131.0	78.71287128712872	8.415841584158416	5.445544554455446	7.425742574257425	0.0
132.0	80.20304568527918	6.598984771573605	4.568527918781726	8.629441624365482	0.0
133.0	78.3068783068783	5.291005291005291	4.761904761904762	11.64021164021164	0.0
134.0	78.69822485207101	7.6923076923076925	4.142011834319527	9.467455621301776	0.0
135.0	80.98159509202453	6.134969325153374	6.748466257668712	6.134969325153374	0.0
136.0	77.77777777777779	3.0864197530864197	5.555555555555555	13.580246913580247	0.0
137.0	75.15923566878982	4.45859872611465	5.7324840764331215	14.64968152866242	0.0
138.0	77.63157894736842	3.9473684210526314	10.526315789473683	7.894736842105263	0.0
139.0	73.8255033557047	10.738255033557047	8.053691275167784	7.38255033557047	0.0
140.0	74.32432432432432	8.108108108108109	2.7027027027027026	14.864864864864865	0.0
141.0	73.42657342657343	4.195804195804196	7.6923076923076925	14.685314685314685	0.0
142.0	79.41176470588235	2.2058823529411766	9.558823529411764	8.823529411764707	0.0
143.0	75.75757575757575	5.303030303030303	6.0606060606060606	12.878787878787879	0.0
144.0	73.22834645669292	5.511811023622047	7.086614173228346	14.173228346456693	0.0
145.0	70.73170731707317	11.38211382113821	8.94308943089431	8.94308943089431	0.0
146.0	75.0	4.166666666666666	7.5	13.333333333333334	0.0
147.0	68.42105263157895	6.140350877192982	12.280701754385964	13.157894736842104	0.0
148.0	72.11538461538461	4.807692307692308	13.461538461538462	9.615384615384617	0.0
149.0	62.0253164556962	8.860759493670885	15.18987341772152	13.924050632911392	0.0
150.0	3.8461538461538463	23.076923076923077	26.923076923076923	46.15384615384615	0.0
