# Position (bp)	A	C	G	T	N
0.0	48.81594102741304	19.979267449896337	19.760423865468784	11.42593872379636	0.018428933425477998
1.0	50.70721032020272	10.68878138677724	13.08454273208938	25.51946556093066	0.0
2.0	50.98834146453194	13.687899402185117	12.128083556654985	23.19567557662796	0.0
3.0	55.34793520419804	12.569016655258954	13.689253935660506	18.3937942048825	0.0
4.0	56.30767831977088	11.626585443469564	13.510933309087603	18.554802927671954	0.0
5.0	57.124730939163925	11.659680525659907	11.791095502435708	19.424493032740457	0.0
6.0	48.649809052493616	13.074819786229183	11.576616274602852	26.698754886674347	0.0
7.0	50.74054870488515	14.060280890011045	12.574674812326696	22.624495592777112	0.0
8.0	51.13350125944584	12.67317380352645	13.06899964015833	23.124325296869376	0.0
9.0	58.00004486216102	10.143334604427896	13.611179650523766	18.24544088288733	0.0
10.0	53.53363609924159	14.682655092955098	14.322468064162507	17.461240743640797	0.0
11.0	50.952954829494736	13.4261738975183	14.269773254775933	21.351098018211033	0.0
12.0	53.11518499543359	12.674581783351524	13.198048693560244	21.012184527654647	0.0
13.0	53.74172332577879	12.656090299071234	12.369461849531174	21.232724525618806	0.0
14.0	53.65815829123461	12.05796330763095	13.030665603119736	21.25321279801471	0.0
15.0	54.26658120980397	12.186443300108294	13.410833867438726	20.136141622649014	0.0
16.0	54.41497453535287	12.50744096831801	12.58460656568997	20.492977930639153	0.0
17.0	53.98348926802422	12.510731975784259	13.186571271326361	20.319207484865164	0.0
18.0	54.44713123763465	12.000439657067487	13.18751373928336	20.364915366014507	0.0
19.0	53.51321464115891	12.606435917284086	13.161561428729405	20.718788012827602	0.0
20.0	53.97193138783693	12.227667631989307	13.18556471374471	20.614836266429048	0.0
21.0	53.70965205867157	12.450863676183202	13.57847211303039	20.261012152114827	0.0
22.0	53.259318001586045	13.116574147501984	12.86960462218194	20.754503228730034	0.0
23.0	52.30923924221303	12.479718457917228	13.658904453940904	21.552137845928836	0.0
24.0	52.50666911967621	12.319473829454513	13.883267408702052	21.290589642167234	0.0
25.0	52.19182520946165	12.951904828033141	13.56524556774522	21.291024394759987	0.0
26.0	50.74901139799953	13.003023959060247	13.61944638287974	22.628518260060478	0.0
27.0	50.83814555911439	12.856241086666822	14.057933743249245	22.247679610969538	0.0
28.0	50.896755716230814	12.81515564110991	13.343349453025963	22.944739189633317	0.0
29.0	50.93277429688604	13.1931031233806	13.539360248739813	22.334762330993545	0.0
30.0	50.86331105179867	13.135082788104969	14.11767484706049	21.88393131303588	0.0
31.0	50.64216277584617	13.42510466188888	13.529175240663212	22.403557321601742	0.0
32.0	50.65955521691509	13.500642887756559	13.724463069669984	22.115338825658366	0.0
33.0	38.820667971762475	16.628107017856085	17.681082043068162	26.87014296731328	0.0
34.0	38.26606431670927	17.276942281400466	16.30803067229388	28.148962729596388	0.0
35.0	35.89703925996968	17.124029328960802	17.569532531015067	29.40939888005445	0.0
36.0	36.2612194367069	16.954503249767875	18.551532033426184	28.232745280099042	0.0
37.0	35.39285824893927	17.27523305150361	18.594567809470718	28.737340890086404	0.0
38.0	35.58576693196247	16.818927874639993	17.55287851104023	30.042426682357316	0.0
39.0	36.19829589465531	17.65453137103021	18.147172734314484	28.000000000000004	0.0
40.0	36.735073470146936	17.52743505487011	16.721433442866886	29.016058032116064	0.0
41.0	34.991317290994786	17.749937980649964	17.79025055817415	29.4684941701811	0.0
42.0	35.892657472978016	17.287861846192072	18.850167722698473	27.969312958131443	0.0
43.0	36.14266596122125	17.817683856711586	17.537580529706513	28.50206965236065	0.0
44.0	34.79926495779736	17.186283364998285	17.693960818513098	30.32049085869125	0.0
45.0	35.49985972131301	17.85903550609433	18.161414009164876	28.47969076342779	0.0
46.0	36.006745994565726	16.97117336581405	17.864393016646364	29.15768762297386	0.0
47.0	34.79471773688822	17.19864814119414	17.423957942170485	30.582676179747153	0.0
48.0	34.85076498620517	17.52570855279659	18.811136192626034	28.812390268372212	0.0
49.0	35.68758050834145	16.902824468252224	18.505136824908103	28.904458198498222	0.0
50.0	34.62819787541643	17.69124394996543	17.732101326293293	29.94845684832485	0.0
51.0	35.09831681610823	17.697026899480885	18.50873053327041	28.69592575114048	0.0
52.0	34.74453474453475	17.306117306117304	18.755118755118755	29.194229194229194	0.0
53.0	33.845086850982	17.404873742946315	19.450836984962645	29.299202421109044	0.0
54.0	33.99249377109156	18.090642444885987	18.803418803418804	29.113444980603653	0.0
55.0	33.95403243653378	18.273212987259335	18.485030508045906	29.28772406816098	0.0
56.0	34.47369254648547	17.04520257214356	17.738921093477778	30.742183787893186	0.0
57.0	33.96681366794632	17.65284431612678	18.823566737523397	29.556775278403503	0.0
58.0	33.54213036565978	18.136724960254373	18.457869634340224	29.86327503974563	0.0
59.0	33.011533804881154	17.539667367616136	18.49232141719238	30.956477410310328	0.0
60.0	32.932354818123805	18.548181238034463	18.4301212507977	30.089342693044035	0.0
61.0	34.3466308656182	17.42743894642629	18.574990410433447	29.650939777522055	0.0
62.0	32.670636445127414	18.091304904597262	18.084902036112176	31.153156614163148	0.0
63.0	33.42401741134297	17.196901805146588	19.55895531942133	29.820125464089102	0.0
64.0	33.78819911589467	18.172208341341534	18.117752578640527	29.921839964123265	0.0
65.0	33.89221940820056	17.59048504472157	18.542621742057513	29.97467380502036	0.0
66.0	33.70912828419092	17.58848846919766	19.001734438234728	29.697436885719792	0.0032119226569024216
67.0	34.06748643529072	18.001733714322405	18.70485118952066	29.225928660866213	0.0
68.0	33.77479186087628	17.811565784821113	18.30338487254492	30.110257481757692	0.0
69.0	34.289758106021615	17.765697375193	18.93013381369017	29.014410705095212	0.0
70.0	33.821588384895215	18.224253935550333	18.298297009303674	29.65586067025078	0.0
71.0	34.20484914834015	17.64175548185594	18.456386643912808	29.697008725891106	0.0
72.0	33.80935495309629	18.406885658102574	18.796944005673577	28.986815383127556	0.0
73.0	34.21366997061957	18.399896684208827	18.396668065734673	28.98976527943693	0.0
74.0	33.66282262493135	18.516006072939884	17.546919921180994	30.274251380947764	0.0
75.0	33.85310734463277	17.617433414043585	19.334947538337367	29.194511702986283	0.0
76.0	33.89206472241062	17.937538352226852	18.66744178535672	29.502955140005817	0.0
77.0	33.58344113842173	17.674644243208277	17.716688227684347	31.02522639068564	0.0
78.0	33.18651423389578	18.19801146484438	18.651423389578003	29.964050911681834	0.0
79.0	33.808302768671496	17.942808919471585	18.124573988120353	30.124314323736574	0.0
80.0	34.621012584138136	17.481221344259097	17.63730367768998	30.26046239391279	0.0
81.0	34.32665689627097	17.67464582315584	18.95131086142322	29.047386419149973	0.0
82.0	33.97437986896574	18.88262329280615	18.080771863489684	29.06222497473842	0.0
83.0	34.435009797517964	17.544088830829523	17.599608099281518	30.421293272370995	0.0
84.0	33.649196183505424	17.739511175009802	19.422297738857665	29.18899490262711	0.0
85.0	34.86986413488296	17.914552299885415	18.10116221967589	29.114421345555737	0.0
86.0	34.665702452172766	17.67142199723884	18.341989349812636	29.320886200775753	0.0
87.0	35.05294059438599	17.066332420754033	18.64960253323218	29.2311244516278	0.0
88.0	33.29579330904273	18.602186154355746	18.58562437893342	29.5163961576681	0.0
89.0	34.35568551870804	16.87047251943909	18.973881836911012	29.799960124941848	0.0
90.0	34.1974443665966	18.29980315617389	18.66346378407233	28.839288693157172	0.0
91.0	34.497787313933216	17.74507174466944	18.271422824192037	29.485718117205312	0.0
92.0	34.39087575278404	18.012986576052214	18.268680819567336	29.327456851596406	0.0
93.0	34.97009225778108	17.187658409651583	18.955087695583117	28.887161636984217	0.0
94.0	34.59294436906377	17.76797829036635	18.364993215739485	29.274084124830395	0.0
95.0	34.48757711052793	17.49429126478307	18.117991888483694	29.90013973620531	0.0
96.0	35.9150830337271	17.81201848998459	18.527649375107003	27.7452491011813	0.0
97.0	34.68600365152089	17.53418994798305	18.209376830066486	29.570429570429567	0.0
98.0	33.96500952710896	17.145331716611814	17.741209076736535	31.1484496795427	0.0
99.0	34.14685168398299	18.164702600934383	19.468656300118543	28.21978941496409	0.0
100.0	34.03567916842253	18.27503862902093	19.047619047619047	28.64166315493749	0.0
101.0	33.7901317416028	17.730371207572492	18.097693638964433	30.381803411860275	0.0
102.0	33.62592842673869	17.637442695191726	19.393013255623867	29.343615622445718	0.0
103.0	33.37034781674249	18.30425905362324	18.12515671454669	30.200236415087584	0.0
104.0	33.55218065726345	17.88896504455106	18.495003787742146	30.063850510443345	0.0
105.0	33.24501869124959	18.22669037854317	19.0505571081189	29.477733822088336	0.0
106.0	33.29684763572679	19.041885580852306	18.388791593695274	29.268826619964972	0.0036485697606538237
107.0	34.03237674760853	17.958057395143488	17.649006622516556	30.360559234731422	0.0
108.0	33.259119076774645	18.260417826264426	19.43671379271958	29.043749304241345	0.0
109.0	33.58267569286008	18.263081123536672	18.480008976324942	29.674234207278303	0.0
110.0	33.15483822309375	17.852025039595745	18.232898408628103	30.760238328682405	0.0
111.0	33.895536562203226	17.846153846153847	19.027540360873694	29.230769230769234	0.0
112.0	33.78114594098059	17.797680560339877	18.559344739158725	29.861828759520805	0.0
113.0	33.193180064804814	17.296713470143494	18.66610091035334	30.84400555469835	0.0
114.0	32.96634895934643	17.798093756078583	19.451468585878235	29.780198404979576	0.0038902937171756465
115.0	32.42066449613619	19.013062409288825	18.96991330953595	29.592437139606954	0.003922645432079395
116.0	33.28459075998894	17.756787732679918	17.582895308856656	31.375726198474492	0.0
117.0	32.31253235633786	17.97618573533511	19.700529648361275	30.010752259965752	0.0
118.0	33.74427756806682	18.010601558107783	18.155168259577543	30.08995261424785	0.0
119.0	32.96204787557212	18.554821985499615	18.58722507999514	29.895905058933124	0.0
120.0	33.4341164453524	17.691521961184883	19.55464759959142	29.31562819203269	0.0040858018386108275
121.0	33.22068823408201	17.918813105295694	19.159282917782818	29.70121574283948	0.0
122.0	32.76276525198939	17.676558355437667	19.56647877984085	29.994197612732094	0.0
123.0	32.86818466680593	18.28284938374765	19.18111552120326	29.66785042824316	0.0
124.0	32.978454805588285	18.321831341524998	18.953038209055713	29.746675643831004	0.0
125.0	33.22880027122091	18.591346357587827	18.15485019282112	30.02500317837013	0.0
126.0	33.23785909712722	18.331053351573185	18.660225718194255	29.770861833105332	0.0
127.0	33.04478897502153	18.80706287683032	18.11369509043928	30.03445305770887	0.0
128.0	33.87446826981509	17.96162861359493	18.53025436235784	29.63364875423214	0.0
129.0	32.879590318203704	18.663281831312645	19.381100363286208	29.076027487197443	0.0
130.0	34.11697247706422	18.69707127734651	18.71471418489767	28.471242060691605	0.0
131.0	33.95915825065622	18.151888597232727	18.0362147973484	29.852738354762646	0.0
132.0	33.52499887695971	18.885045595435965	19.756524864112123	27.833430663492205	0.0
133.0	34.22224241322915	18.26276576412866	18.957841177539525	28.55715064510267	0.0
134.0	33.20332216766852	18.808791813885193	17.64786858165466	30.340017436791634	0.0
135.0	32.705511226572646	18.667656336982745	18.3290035257005	30.29782891074411	0.0
136.0	34.34329199549042	17.493423524990607	18.207440811724915	29.955843667794063	0.0
137.0	33.82758292937933	18.05436745556506	19.16167664670659	28.956372968349015	0.0
138.0	33.221202364361574	18.583305300591093	19.107117112787737	29.0883752222596	0.0
139.0	31.381017080745345	20.46777950310559	18.662655279503106	29.483695652173914	0.004852484472049689
140.0	30.843964671246322	18.493621197252207	17.433758586849855	33.228655544651616	0.0
141.0	33.16121344521126	17.501613623951144	19.04572762027705	30.29144531056055	0.0
142.0	35.91520996584288	18.1233674904561	17.63612618042998	28.325296363271047	0.0
143.0	37.04814683003711	17.499618689308047	16.670903452132798	28.78133102852204	0.0
144.0	36.94981489099136	16.716371863430687	17.153434800493624	29.180378445084326	0.0
145.0	31.36377821699782	19.920940393217517	17.377509622386352	31.332570477478416	0.005201289919900136
146.0	31.25396154658779	18.21255017959011	19.665117261779	30.8683710120431	0.0
147.0	31.04450304041328	18.55997416994027	23.04256578593338	27.347575741268905	0.005381262444169402
148.0	32.5406549342838	18.990866562708845	23.457340164847405	25.011138338159945	0.0
149.0	29.601853545515517	21.791354185720383	24.321687701969392	24.285104566794708	0.0
150.0	5.220050234793055	31.789887517745985	32.06290269738997	30.916238942885226	0.010920607185759528
