#Position (bp)	Coverage
38.0	2331.3333333333335
113.0	2057.4266666666667
188.0	2346.9333333333334
263.0	2483.8933333333334
338.0	2141.9066666666668
413.0	2397.64
488.0	2668.0133333333333
563.0	2784.2533333333336
638.0	2853.76
713.0	3018.4933333333333
788.0	3462.2266666666665
863.0	3359.12
938.0	3083.826666666667
1013.0	2793.266666666667
1088.0	1887.7733333333333
1163.0	2088.6266666666666
1238.0	3013.7733333333335
1313.0	3551.173333333333
1388.0	2708.48
1463.0	1830.4133333333334
1538.0	1976.3466666666666
1613.0	1855.1866666666667
1688.0	2036.64
1763.0	2328.2533333333336
1838.0	3129.9466666666667
1913.0	3436.28
1988.0	2414.9733333333334
2063.0	2494.4266666666667
2138.0	2514.48
2213.0	2770.4533333333334
2288.0	2692.4666666666667
2363.0	3386.6666666666665
2438.0	2628.866666666667
2513.0	2336.2266666666665
2588.0	3004.8
2663.0	2804.72
2738.0	2208.5733333333333
2813.0	2410.0266666666666
2888.0	2665.36
2963.0	2021.1466666666668
3038.0	1866.4133333333334
3113.0	1785.6133333333332
3188.0	1973.2933333333333
3263.0	2453.56
3338.0	3330.1866666666665
3413.0	3660.9333333333334
3488.0	2986.4533333333334
3563.0	3179.693333333333
3638.0	2749.786666666667
3713.0	1961.6933333333334
3788.0	1938.0266666666666
3863.0	2444.52
3938.0	2329.8133333333335
4013.0	2721.7466666666664
4088.0	3274.5733333333333
4163.0	3338.64
4238.0	3448.786666666667
4313.0	2369.68
4388.0	2801.88
4463.0	2749.8
4538.0	1825.3333333333333
4613.0	2416.68
4688.0	2572.6
4763.0	2946.6666666666665
4838.0	2710.36
4913.0	3142.8133333333335
4988.0	3146.826666666667
5063.0	2600.3733333333334
5138.0	3263.0
5213.0	3049.1466666666665
5288.0	2207.76
5363.0	1909.88
5438.0	2441.8133333333335
5513.0	2960.5866666666666
5588.0	3336.3333333333335
5663.0	2909.76
5738.0	2490.6666666666665
5813.0	3403.36
5888.0	4371.213333333333
5963.0	4298.826666666667
6038.0	3109.0
6113.0	2819.7066666666665
6188.0	2913.2266666666665
6263.0	4121.373333333333
6338.0	3851.4133333333334
6413.0	3298.9466666666667
6488.0	2610.36
6563.0	1504.4933333333333
6638.0	2007.48
6713.0	2624.653333333333
6788.0	1914.2266666666667
6863.0	1828.3866666666668
6938.0	1511.5466666666666
7013.0	1394.0933333333332
7088.0	1904.2266666666667
7163.0	2423.346666666667
7238.0	2454.6666666666665
7313.0	2474.9866666666667
7388.0	2367.9333333333334
7463.0	2675.826666666667
7538.0	2297.96
7613.0	1936.44
7688.0	2185.24
7763.0	2083.96
7838.0	2090.4133333333334
7913.0	2224.7733333333335
7988.0	1961.2666666666667
8063.0	2192.56
8138.0	2118.173333333333
8213.0	2860.4666666666667
8288.0	2503.8
8363.0	1825.0
8438.0	2155.68
8513.0	2607.7066666666665
8588.0	2569.4533333333334
8663.0	3160.24
8738.0	2995.266666666667
8813.0	2309.173333333333
8888.0	2006.28
8963.0	1871.2933333333333
9038.0	2087.786666666667
9113.0	2805.48
9188.0	2660.0666666666666
9263.0	1830.0666666666666
9338.0	1601.4
9413.0	2121.693333333333
9488.0	2316.2
9563.0	2153.28
9638.0	1548.6266666666668
9713.0	1456.7066666666667
9788.0	2016.04
9863.0	2792.76
9938.0	3278.4533333333334
10013.0	3168.653333333333
10088.0	2643.76
10163.0	2563.1866666666665
10238.0	2519.3866666666668
10313.0	2770.5066666666667
10388.0	3362.4933333333333
10463.0	3603.24
10538.0	3928.306666666667
10613.0	3195.5733333333333
10688.0	3104.48
10763.0	3388.6
10838.0	2457.8
10913.0	2374.5333333333333
10988.0	2464.1466666666665
11063.0	2089.7066666666665
11138.0	1958.6133333333332
11213.0	2233.16
11288.0	2878.76
11363.0	3173.0666666666666
11438.0	3265.3866666666668
11513.0	2760.5466666666666
11588.0	1841.4133333333334
11663.0	2616.8533333333335
11738.0	3033.1466666666665
11813.0	2695.9733333333334
11888.0	2580.1066666666666
11963.0	3703.6
12038.0	3572.306666666667
12113.0	2239.8933333333334
12188.0	3239.2266666666665
12263.0	3669.72
12338.0	3313.28
12413.0	3506.08
12488.0	2977.693333333333
12563.0	2950.733333333333
12638.0	3747.72
12713.0	4668.08
12788.0	4290.08
12863.0	2531.1466666666665
12938.0	2276.68
13013.0	3022.1466666666665
13088.0	3224.6666666666665
13163.0	2163.2
13238.0	1997.0133333333333
13313.0	2321.2266666666665
13388.0	2486.1066666666666
13463.0	2692.4266666666667
13538.0	2042.8133333333333
13613.0	2032.44
13688.0	3361.213333333333
13763.0	3499.6666666666665
13838.0	3350.173333333333
13913.0	3272.306666666667
13988.0	2371.6133333333332
14063.0	2828.28
14138.0	3513.48
14213.0	3669.0133333333333
14288.0	2930.84
14363.0	2114.6133333333332
14438.0	2868.0666666666666
14513.0	2703.786666666667
14588.0	2459.28
14663.0	2843.0533333333333
14738.0	2736.5866666666666
14813.0	2233.653333333333
14888.0	2607.64
14963.0	2560.44
15038.0	2851.733333333333
15113.0	3466.12
15188.0	2777.4266666666667
15263.0	2180.6266666666666
15338.0	2504.9066666666668
15413.0	2560.24
15488.0	2394.72
15563.0	2990.68
15638.0	2664.5466666666666
15713.0	2763.9866666666667
15788.0	3415.2
15863.0	3888.346666666667
15938.0	3045.8533333333335
16013.0	2780.12
16088.0	3139.9466666666667
16163.0	2916.9066666666668
16238.0	1987.24
16313.0	2656.866666666667
16388.0	2979.9333333333334
16463.0	3011.346666666667
16538.0	3552.9333333333334
16613.0	2883.88
16688.0	2865.48
16763.0	2891.693333333333
16838.0	3019.1866666666665
16913.0	2968.5466666666666
16988.0	2755.5066666666667
17063.0	2169.96
17138.0	1549.24
17213.0	1915.08
17288.0	2833.8533333333335
17363.0	3770.76
17438.0	3767.36
17513.0	2283.653333333333
17588.0	3260.64
17663.0	3782.6666666666665
17738.0	3639.826666666667
17813.0	3932.9733333333334
17888.0	3074.7466666666664
17963.0	3425.346666666667
18038.0	3739.346666666667
18113.0	3155.04
18188.0	3068.306666666667
18263.0	2705.5733333333333
18338.0	2731.84
18413.0	3462.52
18488.0	3747.8933333333334
18563.0	3161.3866666666668
18638.0	2537.8933333333334
18713.0	2377.5066666666667
18788.0	2132.56
18863.0	2589.4933333333333
18938.0	2891.4533333333334
19013.0	2593.7733333333335
19088.0	2384.4133333333334
19163.0	2054.56
19238.0	2177.04
19313.0	2138.4533333333334
19388.0	1937.8266666666666
19463.0	2532.866666666667
19538.0	3976.693333333333
19613.0	3589.9333333333334
19688.0	2589.5733333333333
19763.0	3525.9466666666667
19838.0	2932.28
19913.0	2224.0533333333333
19988.0	3370.6133333333332
20063.0	3981.346666666667
20138.0	3758.6266666666666
20213.0	2918.64
20288.0	2202.7466666666664
20363.0	3079.1866666666665
20438.0	2144.36
20513.0	1801.9733333333334
20588.0	2456.733333333333
20663.0	2403.1466666666665
20738.0	2649.133333333333
20813.0	2412.4
20888.0	1842.1333333333334
20963.0	1929.5466666666666
21038.0	2449.6266666666666
21113.0	2749.44
21188.0	2542.733333333333
21263.0	2680.72
21338.0	2085.173333333333
21413.0	1578.3066666666666
21488.0	2386.96
21563.0	4316.72
21638.0	4189.693333333334
21713.0	2316.346666666667
21788.0	2334.653333333333
21863.0	2264.0133333333333
21938.0	2238.653333333333
22013.0	3027.8133333333335
22088.0	2822.36
22163.0	1662.0933333333332
22238.0	2679.9466666666667
22313.0	2995.4
22388.0	1871.52
22463.0	1846.4666666666667
22538.0	2281.3733333333334
22613.0	2149.693333333333
22688.0	2133.6
22763.0	2039.0533333333333
22838.0	1683.7866666666666
22913.0	2039.6
22988.0	2185.3866666666668
23063.0	2394.7733333333335
23138.0	2416.44
23213.0	2903.9733333333334
23288.0	3173.306666666667
23363.0	2956.8133333333335
23438.0	3000.28
23513.0	3240.6133333333332
23588.0	3357.306666666667
23663.0	3028.9866666666667
23738.0	2443.16
23813.0	3131.9733333333334
23888.0	3476.04
23963.0	2923.32
24038.0	2537.1466666666665
24113.0	2053.76
24188.0	1771.5466666666666
24263.0	2187.5066666666667
24338.0	2072.3333333333335
24413.0	1612.1866666666667
24488.0	1898.7733333333333
24563.0	2282.32
24638.0	2124.52
24713.0	1985.3733333333332
24788.0	2763.5466666666666
24863.0	2993.653333333333
24938.0	2938.9866666666667
25013.0	2754.8133333333335
25088.0	1937.7466666666667
25163.0	1787.0533333333333
25238.0	1699.3866666666668
25313.0	1709.56
25388.0	2734.12
25463.0	2131.8533333333335
25538.0	1571.8533333333332
25613.0	1556.48
25688.0	2079.866666666667
25763.0	2327.4
25838.0	1980.32
25913.0	2145.48
25988.0	1941.8933333333334
26063.0	2036.9733333333334
26138.0	2490.9333333333334
26213.0	2799.346666666667
26288.0	2858.9733333333334
26363.0	2516.8533333333335
26438.0	2234.4533333333334
26513.0	1806.28
26588.0	1755.92
26663.0	2709.173333333333
26738.0	2719.9466666666667
26813.0	2788.4533333333334
26888.0	3618.9733333333334
26963.0	3257.8
27038.0	2125.5466666666666
27113.0	2107.3733333333334
27188.0	2491.2266666666665
27263.0	3351.733333333333
27338.0	3563.7733333333335
27413.0	3219.76
27488.0	3311.4933333333333
27563.0	2388.2933333333335
27638.0	2379.7466666666664
27713.0	2382.6666666666665
27788.0	2796.56
27863.0	3554.786666666667
27938.0	3714.346666666667
28013.0	3069.3733333333334
28088.0	2865.0266666666666
28163.0	3133.733333333333
28238.0	3704.3866666666668
28313.0	4522.04
28388.0	4404.306666666666
28463.0	4060.306666666667
28538.0	3410.72
28613.0	4073.133333333333
28688.0	4210.893333333333
28763.0	3282.4266666666667
28838.0	3031.0266666666666
28913.0	3178.88
28988.0	3983.786666666667
29063.0	4701.826666666667
29138.0	3809.0266666666666
29213.0	3393.64
29288.0	4497.586666666667
29363.0	4813.12
29438.0	4627.2266666666665
29513.0	4544.026666666667
29588.0	4227.906666666667
29663.0	4662.466666666666
29738.0	3072.48
29813.0	1846.44
29877.0	9383.037735849057
