# Position (bp)	A	C	G	T	N
0.0	28.183087874405842	26.903692918858557	25.83132672993369	19.05175225063492	0.030140226166986736
1.0	29.79517822261604	15.516616652557309	18.80371301234267	35.884327411794544	1.64700689437086E-4
2.0	30.13540766349755	18.82536938716714	17.142857142857142	33.896365806478165	0.0
3.0	35.041245612562754	17.731252704866375	19.46154441082045	27.76595727175042	0.0
4.0	35.520198979440764	17.021000095410116	19.51778411651878	27.941016808630337	0.0
5.0	36.359928290653116	16.94791204092038	17.37010904425914	29.322050624167368	0.0
6.0	25.564279430746588	18.398954231170816	17.738935979545026	38.29783035853757	0.0
7.0	28.657075128963	19.937565139056474	18.46053189635616	32.944827835624366	0.0
8.0	28.635993110611498	18.40002498060716	18.892077203223813	34.07190470555753	0.0
9.0	36.59933650239158	15.682401867915011	19.718925455928673	27.999336173764732	0.0
10.0	31.217329307438813	20.525983775951744	21.030644329304156	27.226042587305287	0.0
11.0	27.752528280440792	19.84960899323766	20.475581171886933	31.922281554434612	0.0
12.0	30.435111068776255	18.411501358182434	19.966267149721958	31.187120423319353	0.0
13.0	31.19657417958629	18.450729201900753	18.70769857246536	31.644998046047597	0.0
14.0	31.176516939887122	17.822258410845205	19.018507635179283	31.98271701408839	0.0
15.0	31.6751632291971	17.905807972215747	19.959426588714948	30.459602209872205	0.0
16.0	31.435871852014742	18.420698505640363	19.177396538652154	30.96603310369274	0.0
17.0	31.24672874195004	18.606505599081178	19.32827433446819	30.818491324500595	0.0
18.0	31.808107305565265	17.921282784484923	19.721958365939408	30.548651544010408	0.0
19.0	30.85245675694301	18.755886339099074	19.339023597861722	31.052633306096194	0.0
20.0	31.749691487685766	17.948524392165098	19.075743055190884	31.226041064958252	0.0
21.0	31.378042575541222	18.160421488010243	19.944687905198023	30.516848031250515	0.0
22.0	31.889798678871127	18.521576687197133	18.797687367854284	30.790937266077457	0.0
23.0	31.083969816574612	17.930438894325174	19.187753252467672	31.797838036632537	0.0
24.0	31.62933736591581	17.490833920323656	19.779521508474826	31.100307205285706	0.0
25.0	31.759970968467616	18.05406630289675	19.346856203601686	30.839106525033948	0.0
26.0	30.90895356456081	17.66310372064839	19.20706524148826	32.22087747330254	0.0
27.0	30.580406994311538	18.0230954163875	20.024402580170523	31.37209500913044	0.0
28.0	31.163032804920903	18.170129754972955	18.876540655572963	31.79029678453318	0.0
29.0	31.136437524834736	18.072955834397874	18.75322235832296	32.03722008584198	1.6419660244390224E-4
30.0	31.49070117996328	18.014390757337413	19.69615863330498	30.798749429394324	0.0
31.0	31.37843056130189	18.315043573628596	18.950259734289524	31.356266130779993	0.0
32.0	31.090513149812942	18.34486768072576	18.623892686227432	31.940726483233867	0.0
33.0	30.52511153569225	18.50835665481054	19.829325032384013	31.137206777113192	0.0
34.0	30.863355772556737	18.895178671207727	18.694456270122128	31.547009286113404	0.0
35.0	30.580237760023994	18.2600364887493	18.987312245391006	32.1724135058357	0.0
36.0	30.424713383861523	18.042696266034426	20.29280581412979	31.239784535974263	0.0
37.0	30.110074288065764	18.79726305372432	19.627943241851888	31.464719416358033	0.0
38.0	30.510174500937982	18.20480952174681	18.804083795103843	32.48093218221137	0.0
39.0	30.705002166161226	18.417702536074916	19.919685406738427	30.957609891025427	0.0
40.0	31.049378292483347	18.371911252731064	18.9205404297373	31.65817002504829	0.0
41.0	29.82847638633811	18.459453964275358	19.130582600319315	32.58148704906722	0.0
42.0	30.591510322467723	18.310899225710738	20.309048932747686	30.788541519073853	0.0
43.0	30.660933386464546	18.72475086407691	19.01536081150702	31.59895493795152	0.0
44.0	30.083804658111678	18.070025078035375	19.092655337086146	32.753514926766805	0.0
45.0	30.533214378027733	18.661252532664072	19.573094978029403	31.2324381112788	0.0
46.0	30.823757025868538	18.304284737395133	19.21460379938956	31.657187651149993	1.6678619677435496E-4
47.0	30.352126303708104	17.995675993086927	18.866149298349804	32.786048404855165	0.0
48.0	30.460641671796772	18.306047850945024	19.916483567816645	31.316660076776394	1.6683266516850933E-4
49.0	30.979772513777814	18.661411936269154	19.46013318138664	30.898682368566387	0.0
50.0	30.0863726812591	18.649254129996397	18.88446693999653	32.37990624874798	0.0
51.0	30.56200456311361	18.196000093533808	20.08237656042785	31.159618782924735	0.0
52.0	29.907029368558447	18.427671589558813	19.835350231716305	31.829948810166435	0.0
53.0	29.888234989154626	17.944614190794898	19.65227920013513	32.51487161991534	0.0
54.0	29.994143239625163	18.40829986613119	20.200468540829984	31.397088353413654	0.0
55.0	29.92226981516894	18.942588170678203	19.64185842456555	31.4932835895873	0.0
56.0	30.43926306353103	18.24914752972126	18.801430977136203	32.50999086788596	1.6756172555064972E-4
57.0	29.564940292499664	18.58194686703341	20.30256272641889	31.550550114048036	0.0
58.0	30.330568247051676	18.713177409771014	19.43309576643022	31.52315857674709	0.0
59.0	29.754058562925156	18.285079709621435	19.369715215977877	32.591146511475536	0.0
60.0	29.67144944619415	18.585915995042903	19.776594367272406	31.966040191490542	0.0
61.0	30.230229219368272	18.303046215835476	19.75251915771686	31.714205407079394	0.0
62.0	29.52463741747236	18.419141864151793	18.700481309458226	33.355739408917614	0.0
63.0	29.830220398170177	18.406138976803476	19.8687154653047	31.894925159721648	0.0
64.0	29.953364806041137	18.819486523391017	19.336980206626148	31.89016846394169	0.0
65.0	30.159915522703272	18.28933474128828	19.236325237592396	32.31442449841605	0.0
66.0	30.361634076582327	18.161875267449552	20.120155674666332	31.356334981301785	0.0
67.0	30.800033185859437	18.78438165092878	19.32297460435175	31.092441243250658	1.6931560937534393E-4
68.0	30.20801198713146	18.278510965038663	19.470783062074766	32.04269398575511	0.0
69.0	30.192775092331086	18.40851075385618	20.09117694981534	31.30753720399739	0.0
70.0	30.534641753654864	18.807805654034542	19.4371458580475	31.220406734263094	0.0
71.0	30.4068624530887	18.569641474270057	19.17282931520139	31.850666757439853	0.0
72.0	30.054778966104557	18.551707559088143	20.444676313084038	30.948837161723265	0.0
73.0	30.4474721461312	18.76285103388916	19.79913108225345	30.990545737726194	0.0
74.0	30.033360706220492	18.790289468281667	18.938274139464863	32.238075686032985	0.0
75.0	29.96904417461417	18.319986561812236	20.452613247584896	31.258356015988703	0.0
76.0	30.185710924363974	18.898443792947692	19.46143316690969	31.454412115778645	0.0
77.0	29.99884695277153	18.393856839721273	19.17156138083429	32.435562730071645	1.7209660126422165E-4
78.0	29.69656930642688	18.51097997885248	19.99613617899151	31.79631453572913	0.0
79.0	30.18796803972729	18.410700916238287	19.44140414944073	31.959926894593693	0.0
80.0	30.41450049665172	18.407316815257698	18.719175956856308	32.45900673123428	0.0
81.0	30.25010124676923	18.356691064385995	20.275252160944994	31.117955527899788	0.0
82.0	29.861039701199626	19.12207347658694	19.315533819830904	31.701353002382525	0.0
83.0	30.038014838895734	18.580954128761064	19.150914540894355	32.22994171058036	1.747808684861355E-4
84.0	30.05624281186008	18.43319588207243	20.143797862492637	31.36641280260316	3.5064097169626077E-4
85.0	30.56344592871402	18.667850955492433	19.56837948835205	31.200323627441495	0.0
86.0	30.10000035298395	18.60348959932792	19.16738145916505	32.12912858852308	0.0
87.0	30.348462301587304	17.937393707482993	19.993976757369612	31.720167233560094	0.0
88.0	30.199038145273843	18.90302335297935	19.612235645518307	31.285702856228497	0.0
89.0	29.947576880993985	18.253669350592325	19.57986538128582	32.21870989506452	1.7849206335040311E-4
90.0	30.31498250097217	18.6846250477124	20.15174784196577	30.848644609349662	0.0
91.0	30.581483860867127	18.394490542541917	19.45387700895629	31.570148587634673	0.0
92.0	29.81887260350976	18.768131266301193	19.462745161832565	31.95025096835648	0.0
93.0	30.80332580988991	17.891753204424003	20.303673534608144	31.001247451077944	0.0
94.0	30.26852285974383	18.86610708441349	19.23626326514603	31.6289243578821	1.824328145552197E-4
95.0	30.152273656309177	18.372008190185344	19.30871022911622	32.16700792438926	0.0
96.0	31.074368292220218	18.241661494143845	20.137843896024002	30.5457579480341	3.683695778300453E-4
97.0	30.336123874866246	18.89021360416767	19.404877832041738	31.36878468892435	0.0
98.0	30.138549216240264	18.327061021958674	19.04958662303967	32.4848031387614	0.0
99.0	30.391219678276858	18.90174891826721	19.8709590522281	30.835698211048733	3.741401791009038E-4
100.0	30.319519996088967	18.88088088464525	19.880262264750513	30.919336854515265	0.0
101.0	30.37562342371638	18.426495555211048	19.226028200115707	31.97166376145228	1.8905950458847416E-4
102.0	30.422779438271462	18.188870382623374	20.291739867819633	31.09642017842068	1.9013286484595435E-4
103.0	29.98552467784281	19.031702294061294	19.4573570777059	31.525224730810635	1.9121957935516932E-4
104.0	30.129578418212517	18.596176109724343	19.0821432554991	32.1917175967415	3.8461982253641387E-4
105.0	29.75645142569737	18.124540565636245	20.674933261113477	31.443687855457114	3.8689209579448287E-4
106.0	29.694346093730235	19.372809006697796	19.54001062771654	31.392055684563147	7.785872922875089E-4
107.0	30.171693063161666	18.64168838364951	18.682218049602827	32.5042047080983	1.9579548769719054E-4
108.0	30.187352522916804	18.64976974863405	20.440372971759246	30.721913863535192	5.908931546997672E-4
109.0	30.683570293270122	18.921650620508697	19.729837926537797	30.664941159683384	0.0
110.0	29.778553267859813	18.664539608155938	19.15509247719228	32.4014158233212	3.988234707612543E-4
111.0	30.3197776506828	18.37050861402928	20.10254557859988	31.206766804129916	4.0135255812086734E-4
112.0	30.631174378373576	18.623358377372355	19.437256002293125	31.307807522900966	4.0371905998054075E-4
113.0	29.931035883685265	18.352783448612083	19.230120763378935	32.48585676996049	2.0313436322455487E-4
114.0	30.294523558817815	18.081354338114274	20.203436960099776	31.420276224455375	4.0891851276336907E-4
115.0	30.103767061264136	18.813902563511533	19.890058778010108	31.19206579185669	2.058053575250671E-4
116.0	30.176025260122074	18.605928006994603	18.567598589477434	32.65044814340589	0.0
117.0	30.073298123534663	18.279267102200194	20.12757294352248	31.51965324188798	2.0858885468031673E-4
118.0	30.79598218317062	18.42437402741406	19.20349280417658	31.5757309751165	4.2001012224394604E-4
119.0	29.989728459353444	18.739432571351276	19.033841133504666	32.23657513864466	4.2269714594887054E-4
120.0	30.75119169220293	17.82601293837249	20.123638066053793	31.298944501191695	2.1280217909431392E-4
121.0	30.399655491567255	18.656160016454134	19.625839846428082	31.31791615247498	4.2849307555189905E-4
122.0	30.087739547085306	18.29888400128578	19.473562717488154	32.13873505763369	0.001078676507072882
123.0	29.81399784087182	18.59826096778468	20.066641904029574	31.52044763896944	6.516483444873808E-4
124.0	30.21898448951018	18.67624860536851	19.624598017982542	31.480168887138767	0.0
125.0	30.147099333370065	18.559197840339376	19.13194865296678	32.16131342625751	4.407470662773401E-4
126.0	30.33566967476174	18.401019171612344	20.04940496535438	31.213684243234006	2.2194503753090582E-4
127.0	29.989069034967912	19.10549387172993	19.477236097667838	31.42775392139988	4.4707423444125774E-4
128.0	30.3596642743096	18.43856476591758	19.120465349856886	32.08130560991593	0.0
129.0	29.986115648480887	19.01475552651639	19.967149442810992	31.031525645213982	4.5373697774873863E-4
130.0	30.520624575819966	19.213498808296904	19.25006112762763	31.015586973759678	2.2851449581704216E-4
131.0	30.23405690190509	18.64307300669556	18.963235412585995	32.15940451173507	2.30167078282125E-4
132.0	30.21554212426188	18.916562918037425	20.299259733244305	30.568635224456393	0.0
133.0	30.19771227329413	19.24717070140449	19.682016263504266	30.872867224975366	2.3353682175068544E-4
134.0	30.48634707881138	18.76958989467343	18.69358345648102	32.0500089419339	4.706281002626105E-4
135.0	30.434411437596186	18.31646893385535	19.379317377168913	31.86956511428822	2.3713709132386525E-4
136.0	30.535940027864005	18.70855348527103	19.339436650010395	31.41606983685457	0.0
137.0	30.696343540077507	18.386831830783052	19.121447650794952	31.795376978344493	0.0
138.0	30.370861377387993	18.69142313258161	20.428212076182707	30.509017802511586	4.8561133611103017E-4
139.0	29.27855941930384	20.39289009404987	19.59727174612653	30.73103401017589	2.4473034387060617E-4
140.0	28.38035151413505	18.59803771648999	17.801877438672477	35.21948668873291	2.466419695841123E-4
141.0	31.204778250311314	17.990520054781854	19.169423572602113	31.63453245278048	7.456695242379879E-4
142.0	33.576146830357025	18.197736022985453	18.480294782933253	29.74482038230601	0.0010019814182545986
143.0	34.321372854914195	17.556003211002228	17.96570891961892	30.15590526533683	0.001009749127829191
144.0	34.36371640207332	17.354253129190596	17.612781907056867	30.661360380464792	0.007888181214423666
145.0	29.993716418101847	19.444993011118093	17.507854477372696	33.046767802413406	0.006668290993960067
146.0	29.40009158907037	18.28081622937629	19.029311089780574	33.28978109177277	0.0
147.0	29.68257172746317	18.298466999992137	22.7168210503685	29.301878036438573	2.621857376202449E-4
148.0	31.131077368196614	18.80414775150197	23.115185930895997	26.94877926340165	8.096860037677388E-4
149.0	28.99241159063608	21.177521900911195	23.63481878644048	26.192317834226948	0.002929887785297823
150.0	6.586273238990982	29.905130311860496	31.115624665098263	32.386847866580254	0.006123917470005563
