#Coverage	Number of genomic locations
0.0	26871.0
1.0	1231.0
2.0	1511.0
3.0	63.0
4.0	136.0
5.0	17.0
6.0	36.0
7.0	1.0
8.0	1.0
30.0	1.0
1412.0	1.0
2498.0	1.0
8840.0	1.0
8927.0	1.0
9006.0	1.0
9077.0	1.0
9183.0	1.0
9297.0	1.0
9422.0	1.0
9556.0	1.0
9736.0	1.0
9913.0	1.0
10136.0	1.0
10353.0	1.0
10620.0	1.0
10697.0	1.0
10722.0	1.0
10747.0	1.0
10788.0	1.0
10818.0	2.0
10853.0	1.0
10892.0	1.0
10923.0	1.0
10958.0	1.0
10984.0	1.0
11008.0	1.0
11051.0	1.0
11087.0	1.0
11115.0	1.0
11116.0	1.0
11131.0	2.0
11132.0	1.0
11134.0	1.0
