# Position (bp)	A	C	G	T	N
0.0	98.65598345825795	0.6720082708710261	0.20677177565262342	0.4652364952184027	0.0
1.0	99.01910170366546	0.748580278781621	0.11615900877645843	0.11615900877645843	0.0
2.0	99.0270131865318	0.6529253616694405	0.05120983228779926	0.2688516195109461	0.0
3.0	99.32817847635948	0.3802763341361389	0.08873114463176575	0.20281404487260743	0.0
4.0	99.33316557624559	0.35228988424760943	0.17614494212380472	0.13839959738298943	0.0
5.0	99.54971857410881	0.225140712945591	0.06253908692933083	0.16260162601626016	0.0
6.0	99.41520467836257	0.2986188876446435	0.12442453651860146	0.1617518974741819	0.0
7.0	99.56650978449343	0.2229378251176616	0.07431260837255388	0.13623978201634876	0.0
8.0	99.58091951189449	0.24651793417971157	0.03697769012695674	0.13558486379884135	0.0
9.0	99.51034398335169	0.22034520749173708	0.11017260374586854	0.15913820541069898	0.0
10.0	99.63627546071775	0.24248302618816686	0.0848690591658584	0.036372453928225024	0.0
11.0	99.55357142857143	0.2051158301158301	0.08445945945945946	0.15685328185328185	0.0
12.0	99.53276626332814	0.0958428177788427	0.17970528333533006	0.1916856355576854	0.0
13.0	99.53895259486937	0.17732592505024233	0.07093037002009693	0.2127911100602908	0.0
14.0	99.63670455877183	0.12891128559709364	0.0351576233446619	0.19922653228641743	0.0
15.0	99.49947619601909	0.17460132697008499	0.16296123850541266	0.16296123850541266	0.0
16.0	99.57220487917678	0.1387443635102324	0.08093421204763557	0.20811654526534862	0.0
17.0	99.58573072497123	0.17261219792865362	0.11507479861910241	0.12658227848101267	0.0
18.0	99.49645227740902	0.16021972991531241	0.22888532845044635	0.11444266422522317	0.0
19.0	99.41088136767934	0.18482153170844404	0.25412960609911056	0.1501674945131108	0.0
20.0	99.53379953379954	0.13986013986013987	0.2097902097902098	0.11655011655011654	0.0
21.0	99.44562396791696	0.17692852087756544	0.20051899032790754	0.17692852087756544	0.0
22.0	99.40659862330881	0.20175646807500594	0.1661523854735343	0.2254925231426537	0.0
23.0	99.48539971278123	0.17951172809956917	0.1555768310196266	0.17951172809956917	0.0
24.0	99.4241151769646	0.20395920815836832	0.21595680863827235	0.15596880623875226	0.0
25.0	99.39737254429312	0.2892611787393034	0.19284078582620226	0.1205254911413764	0.0
26.0	99.46776339663724	0.2177331559211322	0.1572517237208177	0.1572517237208177	0.0
27.0	99.57436458713364	0.15809315335035876	0.15809315335035876	0.10944910616563297	0.0
28.0	99.71988795518207	0.09743027645840945	0.060893922786505905	0.12178784557301181	0.0
29.0	99.5475113122172	0.18344135991194815	0.1100648159471689	0.1589825119236884	0.0
30.0	99.48542024013722	0.28179367802009314	0.08576329331046312	0.1470227885322225	0.0
31.0	99.546290619252	0.2452483139178418	0.06131207847946045	0.14714898835070508	0.0
32.0	99.17508002954936	0.2831814823934991	0.18468357547402117	0.3570549125831076	0.0
33.0	98.50310332238043	0.6206644760861628	0.547645125958379	0.32858707557502737	0.0
34.0	98.49871841816184	0.7689491028927133	0.2929329915781765	0.43939948736726475	0.0
35.0	97.91921664626683	0.30599755201958384	0.6731946144430845	1.101591187270502	0.0
36.0	97.7061376317421	0.5579665220086795	0.6819590824550528	1.0539367637941723	0.0
37.0	97.99749687108886	1.0012515644555695	0.18773466833541927	0.8135168961201502	0.0
38.0	97.18221665623044	1.3775829680651221	0.5009392611145899	0.939261114589856	0.0
39.0	97.73156899810964	0.630119722747322	0.2520478890989288	1.3862633900441084	0.0
40.0	96.96778269109286	1.6424510423247	0.6317119393556538	0.7580543272267846	0.0
41.0	97.07192870782941	0.9548058561425843	0.5092297899427116	1.464035646085296	0.0
42.0	97.52765126870527	1.040988939492518	0.5855562784645413	0.8458035133376708	0.0
43.0	97.99866577718478	0.8005336891260841	0.46697798532354906	0.733822548365577	0.0
44.0	97.97160243407707	0.6085192697768762	0.5409060175794456	0.878972278566599	0.0
45.0	97.5609756097561	1.32404181184669	0.4181184668989547	0.6968641114982579	0.0
46.0	97.33530717986677	0.9622501850481125	0.7401924500370096	0.9622501850481125	0.0
47.0	97.26027397260275	1.2937595129375952	0.380517503805175	1.06544901065449	0.0
48.0	97.47235387045814	1.263823064770932	0.7109004739336493	0.5529225908372828	0.0
49.0	96.50690495532088	1.462225832656377	0.7311129163281885	1.2997562956945572	0.0
50.0	96.54889071487264	1.2325390304026294	0.4930156121610517	1.725554642563681	0.0
51.0	97.02886247877758	1.3582342954159592	0.9337860780984719	0.6791171477079796	0.0
52.0	96.24125874125873	1.3986013986013985	0.8741258741258742	1.486013986013986	0.0
53.0	96.29629629629629	1.7163504968383017	0.8130081300813009	1.1743450767841013	0.0
54.0	96.05866177818515	2.1998166819431715	0.36663611365719523	1.374885426214482	0.0
55.0	95.72400388726919	2.1379980563654035	0.7774538386783284	1.3605442176870748	0.0
56.0	96.13428280773142	0.6103763987792472	1.5259409969481181	1.7293997965412005	0.0
57.0	96.20390455531454	2.0607375271149677	0.43383947939262474	1.3015184381778742	0.0
58.0	96.5675057208238	1.2585812356979404	0.4576659038901602	1.7162471395881007	0.0
59.0	96.26506024096385	0.9638554216867471	0.7228915662650602	2.0481927710843375	0.0
60.0	96.2406015037594	2.0050125313283207	0.8771929824561403	0.8771929824561403	0.0
61.0	96.45669291338582	1.968503937007874	0.9186351706036745	0.6561679790026247	0.0
62.0	95.28301886792453	1.8867924528301887	0.5390835579514826	2.2911051212938007	0.0
63.0	95.15235457063712	2.0775623268698062	1.8005540166204987	0.9695290858725761	0.0
64.0	95.33898305084746	2.9661016949152543	0.7062146892655368	0.9887005649717515	0.0
65.0	94.74452554744526	2.7737226277372264	0.7299270072992701	1.7518248175182483	0.0
66.0	95.44025157232704	1.5723270440251573	1.257861635220126	1.729559748427673	0.0
67.0	93.30218068535827	4.049844236760125	1.2461059190031152	1.4018691588785046	0.0
68.0	95.0	2.258064516129032	1.4516129032258065	1.2903225806451613	0.0
69.0	94.04958677685951	2.644628099173554	1.322314049586777	1.9834710743801653	0.0
70.0	92.23140495867769	3.9669421487603307	1.322314049586777	2.479338842975207	0.0
71.0	95.04950495049505	2.6402640264026402	0.6600660066006601	1.65016501650165	0.0
72.0	92.54966887417218	3.9735099337748347	1.8211920529801324	1.6556291390728477	0.0
73.0	93.66666666666667	4.166666666666666	0.8333333333333334	1.3333333333333335	0.0
74.0	91.04234527687296	5.537459283387622	1.7915309446254073	1.6286644951140066	0.0
75.0	91.40127388535032	6.369426751592357	0.9554140127388535	1.2738853503184715	0.0
76.0	92.40506329113924	4.430379746835443	1.1075949367088607	2.0569620253164556	0.0
77.0	95.16908212560386	2.0933977455716586	1.7713365539452495	0.966183574879227	0.0
78.0	94.21221864951768	2.7331189710610935	1.607717041800643	1.4469453376205788	0.0
79.0	95.27687296416939	1.9543973941368076	1.3029315960912053	1.4657980456026058	0.0
80.0	94.59016393442623	2.622950819672131	0.819672131147541	1.9672131147540985	0.0
81.0	92.3202614379085	3.2679738562091507	1.3071895424836601	3.104575163398693	0.0
82.0	91.82389937106919	4.088050314465408	1.5723270440251573	2.515723270440252	0.0
83.0	90.21739130434783	6.521739130434782	1.3975155279503106	1.8633540372670807	0.0
84.0	93.08270676691728	4.661654135338346	1.3533834586466165	0.9022556390977444	0.0
85.0	93.48484848484848	3.3333333333333335	1.3636363636363635	1.8181818181818181	0.0
86.0	94.18960244648318	2.4464831804281344	1.529051987767584	1.834862385321101	0.0
87.0	93.90625	2.03125	1.5625	2.5	0.0
88.0	91.91290824261276	4.043545878693624	1.5552099533437014	2.488335925349922	0.0
89.0	94.62875197472354	2.211690363349131	0.7898894154818324	2.3696682464454977	0.0
90.0	93.82911392405063	2.0569620253164556	1.1075949367088607	3.0063291139240507	0.0
91.0	94.10828025477707	2.7070063694267517	1.910828025477707	1.2738853503184715	0.0
92.0	93.18541996830429	2.694136291600634	1.4263074484944533	2.694136291600634	0.0
93.0	93.026941362916	3.1695721077654517	1.5847860538827259	2.218700475435816	0.0
94.0	93.2258064516129	1.935483870967742	2.0967741935483875	2.741935483870968	0.0
95.0	94.57236842105263	1.8092105263157896	1.644736842105263	1.9736842105263157	0.0
96.0	93.91891891891892	2.195945945945946	2.027027027027027	1.8581081081081081	0.0
97.0	94.32013769363166	2.0654044750430294	1.7211703958691909	1.8932874354561102	0.0
98.0	94.99105545617174	1.9677996422182469	0.7155635062611807	2.3255813953488373	0.0
99.0	93.57798165137615	2.385321100917431	1.834862385321101	2.2018348623853212	0.0
100.0	93.6046511627907	2.5193798449612403	2.131782945736434	1.744186046511628	0.0
101.0	94.8076923076923	1.5384615384615385	1.5384615384615385	2.1153846153846154	0.0
102.0	94.25742574257426	2.7722772277227725	1.782178217821782	1.188118811881188	0.0
103.0	93.4959349593496	2.8455284552845526	1.6260162601626018	2.0325203252032518	0.0
104.0	94.87179487179486	1.7094017094017095	1.282051282051282	2.1367521367521367	0.0
105.0	93.94618834080718	1.345291479820628	2.242152466367713	2.4663677130044843	0.0
106.0	93.13501144164759	3.203661327231121	1.3729977116704806	2.2883295194508007	0.0
107.0	91.80722891566265	3.8554216867469884	2.1686746987951806	2.1686746987951806	0.0
108.0	92.8395061728395	2.7160493827160495	2.7160493827160495	1.728395061728395	0.0
109.0	94.41624365482234	2.284263959390863	1.5228426395939088	1.7766497461928936	0.0
110.0	92.49329758713137	2.949061662198391	2.949061662198391	1.6085790884718498	0.0
111.0	92.97297297297298	3.2432432432432434	2.1621621621621623	1.6216216216216217	0.0
112.0	92.74193548387096	3.763440860215054	1.3440860215053763	2.1505376344086025	0.0
113.0	91.38888888888889	3.3333333333333335	1.3888888888888888	3.888888888888889	0.0
114.0	93.40974212034384	2.005730659025788	2.865329512893983	1.7191977077363898	0.0
115.0	90.6344410876133	5.13595166163142	3.0211480362537766	1.2084592145015105	0.0
116.0	92.48554913294798	4.335260115606936	0.8670520231213872	2.312138728323699	0.0
117.0	91.43730886850153	3.669724770642202	2.1406727828746175	2.7522935779816518	0.0
118.0	91.90031152647975	3.4267912772585665	1.8691588785046727	2.803738317757009	0.0
119.0	93.10344827586206	2.507836990595611	1.8808777429467085	2.507836990595611	0.0
120.0	89.75155279503106	5.590062111801243	3.1055900621118013	1.5527950310559007	0.0
121.0	92.47648902821317	3.1347962382445136	1.5673981191222568	2.8213166144200628	0.0
122.0	91.82389937106919	4.088050314465408	0.3144654088050315	3.7735849056603774	0.0
123.0	89.05775075987842	6.990881458966565	1.21580547112462	2.735562310030395	0.0
124.0	88.23529411764706	7.352941176470589	1.4705882352941175	2.941176470588235	0.0
125.0	92.03539823008849	3.8348082595870205	1.4749262536873156	2.6548672566371683	0.0
126.0	92.7927927927928	2.7027027027027026	2.4024024024024024	2.1021021021021022	0.0
127.0	91.17647058823529	3.823529411764706	2.0588235294117645	2.941176470588235	0.0
128.0	90.23668639053254	3.8461538461538463	1.7751479289940828	4.142011834319527	0.0
129.0	90.98837209302324	5.523255813953488	1.1627906976744187	2.3255813953488373	0.0
130.0	92.7536231884058	3.4782608695652173	1.4492753623188406	2.318840579710145	0.0
131.0	92.95774647887323	3.0985915492957745	2.2535211267605635	1.6901408450704223	0.0
132.0	93.35260115606935	2.312138728323699	2.8901734104046244	1.4450867052023122	0.0
133.0	94.61077844311377	1.7964071856287425	0.8982035928143712	2.694610778443114	0.0
134.0	92.69102990033223	1.3289036544850499	1.9933554817275747	3.9867109634551494	0.0
135.0	92.51700680272108	3.061224489795918	2.380952380952381	2.0408163265306123	0.0
136.0	92.25352112676056	1.7605633802816902	1.4084507042253522	4.577464788732395	0.0
137.0	93.72693726937268	0.7380073800738007	2.952029520295203	2.5830258302583027	0.0
138.0	92.3076923076923	1.9230769230769231	1.9230769230769231	3.8461538461538463	0.0
139.0	90.83665338645417	3.9840637450199203	2.788844621513944	2.3904382470119523	0.0
140.0	91.70124481327801	1.6597510373443984	0.0	6.639004149377594	0.0
141.0	91.62995594713657	1.762114537444934	2.2026431718061676	4.405286343612335	0.0
142.0	92.5925925925926	1.3888888888888888	2.314814814814815	3.7037037037037033	0.0
143.0	88.72549019607843	3.431372549019608	2.941176470588235	4.901960784313726	0.0
144.0	92.03980099502488	1.4925373134328357	3.482587064676617	2.9850746268656714	0.0
145.0	91.48936170212765	3.723404255319149	1.0638297872340425	3.723404255319149	0.0
146.0	88.95348837209302	4.651162790697675	1.1627906976744187	5.232558139534884	0.0
147.0	85.98726114649682	1.910828025477707	7.006369426751593	5.095541401273886	0.0
148.0	83.57142857142857	1.4285714285714286	7.142857142857142	7.857142857142857	0.0
149.0	83.6734693877551	6.122448979591836	5.1020408163265305	5.1020408163265305	0.0
150.0	13.333333333333334	26.666666666666668	20.0	40.0	0.0
