#Coverage	Number of genomic locations
0.0	1631.0
1.0	1411.0
2.0	3562.0
3.0	2839.0
4.0	3280.0
5.0	3276.0
6.0	3350.0
7.0	2547.0
8.0	2017.0
9.0	1335.0
10.0	1027.0
11.0	887.0
12.0	445.0
13.0	547.0
14.0	308.0
15.0	329.0
16.0	161.0
17.0	230.0
18.0	113.0
19.0	145.0
20.0	97.0
21.0	110.0
22.0	79.0
23.0	11.0
24.0	45.0
25.0	18.0
26.0	30.0
27.0	15.0
28.0	2.0
30.0	3.0
31.0	3.0
33.0	1.0
35.0	13.0
92.0	1.0
1135.0	1.0
3667.0	1.0
4160.0	1.0
4384.0	1.0
4594.0	1.0
4791.0	1.0
5012.0	1.0
5291.0	1.0
5594.0	1.0
5935.0	1.0
6299.0	1.0
6724.0	1.0
7221.0	1.0
7722.0	1.0
8289.0	1.0
8326.0	1.0
8371.0	1.0
8421.0	1.0
8501.0	1.0
8572.0	1.0
8610.0	1.0
8634.0	1.0
8719.0	1.0
8781.0	1.0
8879.0	1.0
8943.0	1.0
8961.0	1.0
9046.0	1.0
9153.0	1.0
9264.0	1.0
9267.0	1.0
9306.0	1.0
9318.0	1.0
9320.0	1.0
9321.0	1.0
