# Position (bp)	A	C	G	T	N
0.0	79.27427263811703	9.169663288656423	6.864988558352403	4.691075514874142	0.0
1.0	82.05295848316443	5.132396207911082	4.168028767571101	8.646616541353383	0.0
2.0	82.52148997134671	6.240050939191341	3.6612543775867556	7.577204711875199	0.0
3.0	85.49773402094077	4.719487419909361	4.047507423034849	5.735271136115018	0.0
4.0	86.23456790123457	3.966049382716049	3.888888888888889	5.910493827160494	0.0
5.0	87.02430077945897	3.7597432370472257	3.3165214733302766	5.899434510163534	0.0
6.0	84.04303682376117	3.8642218517957265	3.6217608728595243	8.470980451583573	0.0
7.0	84.46616541353383	4.511278195488721	3.6541353383458643	7.368421052631578	0.0
8.0	83.99880810488676	4.529201430274136	4.126936829558999	7.345053635280095	0.0
9.0	87.16735659373151	3.119455943228859	4.095209934949734	5.617977528089887	0.0
10.0	85.98651421870419	4.412195836997948	4.2802697156259155	5.3210202286719435	0.0
11.0	85.08874018038988	3.8696537678207736	4.131510037823683	6.910096013965668	0.0
12.0	85.9207863544377	3.8884070540618674	3.8161318300086733	6.374674761491761	0.0
13.0	86.04684581117976	3.448771375197586	3.879867797097284	6.624515016525363	0.0
14.0	86.2083750178648	3.6444190367300275	3.8445047877661858	6.302701157638989	0.0
15.0	86.65148712110431	3.3727052796356913	4.3546321332005125	5.621175466059484	0.0
16.0	86.43109540636043	3.660777385159011	3.660777385159011	6.247349823321555	0.0
17.0	86.33802816901408	3.647887323943662	4.056338028169014	5.95774647887324	0.0
18.0	86.66199158485274	3.6746143057503504	4.151472650771389	5.511921458625526	0.0
19.0	85.71223021582733	4.201438848920863	3.899280575539568	6.18705035971223	0.0
20.0	85.66324251898169	3.6921244603245493	4.615155575405687	6.029477445288075	0.0
21.0	84.3687374749499	3.807615230460922	4.7942037921997835	7.029443502389395	0.0
22.0	83.74959974383606	4.46685878962536	4.610951008645533	7.172590457893052	0.0
23.0	83.71199465419312	4.19311727363849	4.560641496825927	7.534246575342466	0.0
24.0	82.30822391154112	4.803040774015204	5.286800276434001	7.601935038009675	0.0
25.0	82.57858284496538	4.706091280412005	5.025750310779613	7.689575563843013	0.0
26.0	81.42595978062157	4.680073126142596	5.46617915904936	8.427787934186473	0.0
27.0	81.54280338664158	4.929444967074318	5.117591721542803	8.410159924741297	0.0
28.0	80.91588426901706	4.962636520406208	5.307530178195057	8.813949032381682	0.0
29.0	80.26110678098208	4.929851909586906	5.475448168355417	9.333593141075603	0.0
30.0	79.70669837495046	5.152596115735236	5.965120887831946	9.175584621482361	0.0
31.0	80.57439170323096	5.025927403270842	4.9262066214599125	9.473474272038294	0.0
32.0	79.21865412149724	5.829412967887093	6.115770096134178	8.83616281448149	0.0
33.0	69.18199112238428	9.13126188966392	9.226379201014584	12.460367786937223	0.0
34.0	68.64244741873804	8.954748247291269	7.775653282345443	14.627151051625239	0.0
35.0	63.94066184861163	9.205020920502092	9.737542791936098	17.116774438950173	0.0
36.0	64.11428571428571	10.133333333333333	9.295238095238096	16.457142857142856	0.0
37.0	62.121212121212125	11.09848484848485	9.696969696969697	17.083333333333332	0.0
38.0	61.60210605490786	11.959383226776984	9.402030838661151	17.036479879654003	0.0
39.0	63.50337584396099	10.465116279069768	10.015003750937733	16.01650412603151	0.0
40.0	61.82977127859017	9.936257967754031	10.836145481814773	17.39782527184102	0.0
41.0	62.462349397590366	10.090361445783133	8.960843373493976	18.48644578313253	0.0
42.0	63.37495270525918	10.026485054861901	11.161558834657587	15.43700340522134	0.0
43.0	61.87405159332322	11.570561456752655	9.446130500758725	17.109256449165404	0.0
44.0	63.850837138508375	8.599695585996955	9.855403348554033	17.69406392694064	0.0
45.0	63.58071920428462	10.788064269319051	9.678653404743688	15.952563121652641	0.0
46.0	61.99460916442049	10.512129380053908	9.241432422025413	18.25182903350019	0.0
47.0	61.196911196911195	10.154440154440154	10.772200772200772	17.876447876447877	0.0
48.0	61.36805285658764	10.649047804119704	11.659541391371938	16.323357947920716	0.0
49.0	61.95141065830722	11.52037617554859	10.148902821316614	16.379310344827587	0.0
50.0	61.15930599369085	10.922712933753944	9.42429022082019	18.493690851735014	0.0
51.0	60.492845786963436	11.128775834658187	11.844197138314785	16.534181240063592	0.0
52.0	59.384984025559106	11.142172523961662	10.822683706070288	18.650159744408946	0.0
53.0	59.975864843121485	10.539018503620273	10.901045856798069	18.58407079646018	0.0
54.0	60.602360602360605	9.645909645909647	12.617012617012616	17.134717134717135	0.0
55.0	57.76218001651527	12.840627580511974	10.982658959537572	18.414533443435175	0.0
56.0	59.29460580912863	10.91286307053942	10.0	19.79253112033195	0.0
57.0	57.72289660946003	12.51569694432817	11.594809543742151	18.166596902469653	0.0
58.0	58.16412859560067	11.505922165820643	11.16751269035533	19.16243654822335	0.0
59.0	57.919520547945204	11.087328767123287	11.087328767123287	19.90582191780822	0.0
60.0	57.55084379056685	11.986153180441367	12.202509736045002	18.260493292946776	0.0
61.0	57.96847635726795	12.390542907180386	10.157618213660244	19.48336252189142	0.0
62.0	55.624722098710535	11.204979991107159	11.116051578479325	22.054246331702977	0.0
63.0	56.5352237483385	12.140008861320336	11.652636242800178	19.672131147540984	0.0
64.0	56.56250000000001	12.276785714285714	11.25	19.910714285714285	0.0
65.0	55.4411106135244	12.44961934617107	11.822660098522167	20.286609941782356	0.0
66.0	56.64713835060839	11.897251013970257	12.212708427219468	19.242902208201894	0.0
67.0	55.206912232833105	13.05138699408822	12.278308321964529	19.463392451114142	0.0
68.0	55.36363636363636	10.818181818181818	12.0	21.818181818181817	0.0
69.0	56.26702997275205	12.306993642143507	12.216167120799273	19.20980926430518	0.0
70.0	56.78733031674208	13.076923076923078	10.904977375565611	19.230769230769234	0.0
71.0	55.81605049594229	13.119927862939583	11.181244364292155	19.88277727682597	0.0
72.0	57.69405356332275	11.983658647299137	10.349523377212892	19.97276441216523	0.0
73.0	56.66516041572526	12.742882964301852	11.342069588793494	19.249887031179394	0.0
74.0	56.28095452498874	14.723097703737057	10.850968032417828	18.14497973885637	0.0
75.0	56.63716814159292	13.672566371681416	11.902654867256638	17.787610619469028	0.0
76.0	57.21830985915493	12.984154929577466	11.31161971830986	18.485915492957748	0.0
77.0	58.75109938434476	12.093227792436236	11.301671064204045	17.854001759014952	0.0
78.0	58.33703868385949	12.227656736327257	12.005335704757671	17.42996887505558	0.0
79.0	58.55734767025089	11.783154121863799	10.170250896057349	19.489247311827956	0.0
80.0	58.31465710443747	11.429852084267145	12.102196324518154	18.15329448677723	0.0
81.0	58.52678571428571	11.964285714285715	11.517857142857142	17.991071428571427	0.0
82.0	58.16326530612245	13.575865128660158	10.33717834960071	17.92369121561668	0.0
83.0	58.34790209790209	12.281468531468532	11.494755244755245	17.875874125874127	0.0
84.0	58.57632933104632	13.7221269296741	10.334476843910807	17.367066895368783	0.0
85.0	60.129310344827594	11.422413793103448	10.60344827586207	17.844827586206897	0.0
86.0	59.82570806100218	10.196078431372548	10.457516339869281	19.52069716775599	0.0
87.0	59.96503496503497	10.795454545454545	12.63111888111888	16.60839160839161	0.0
88.0	60.28119507908612	10.456942003514937	10.764499121265377	18.497363796133566	0.0
89.0	61.88360728565082	11.150599733451799	8.751665926254997	18.214127054642383	0.0
90.0	60.558307068887885	11.481314723097704	12.021611886537595	15.938766321476812	0.0
91.0	61.09353818346136	11.92950745594216	10.70944419340262	16.267510167193855	0.0
92.0	59.86363636363636	11.454545454545455	11.545454545454545	17.136363636363637	0.0
93.0	61.20570639668661	11.320754716981133	11.826967326277037	15.646571560055222	0.0
94.0	60.603248259860784	10.719257540603248	9.88399071925754	18.793503480278424	0.0
95.0	59.11832946635731	11.74013921113689	11.879350348027842	17.262180974477957	0.0
96.0	61.52758132956153	10.183875530410184	10.843941537010844	17.444601603017446	0.0
97.0	59.990416866315286	10.972688068998563	11.068519405845711	17.96837565884044	0.0
98.0	60.28128031037827	9.699321047526672	10.281280310378275	19.73811833171678	0.0
99.0	59.56607495069034	11.78500986193294	10.897435897435898	17.75147928994083	0.0
100.0	60.311871227364186	10.96579476861167	9.909456740442655	18.81287726358149	0.0
101.0	58.88661899897855	11.338100102145047	12.410623084780388	17.364657814096017	0.0
102.0	60.82206035379812	10.40582726326743	11.082206035379812	17.68990634755463	0.0
103.0	57.75173148641449	12.147043153969099	10.868407032498668	19.23281832711774	0.0
104.0	57.96074154852781	12.104689203925844	12.050163576881134	17.884405670665213	0.0
105.0	58.88888888888889	11.055555555555555	10.277777777777777	19.77777777777778	0.0
106.0	57.81426953567384	13.533408833522085	11.211778029445075	17.440543601359003	0.0
107.0	56.66857469948483	11.677160847166572	12.249570692615913	19.404693760732687	0.0
108.0	58.01749271137027	12.59475218658892	12.244897959183673	17.142857142857142	0.0
109.0	57.39856801909308	13.126491646778044	12.11217183770883	17.36276849642005	0.0
110.0	55.3770086526576	12.42274412855377	11.990111248454882	20.210135970333745	0.0
111.0	58.121827411167516	10.65989847715736	12.373096446700508	18.845177664974617	0.0
112.0	56.753246753246756	10.25974025974026	14.415584415584416	18.571428571428573	0.0
113.0	54.46724023825281	12.8391793514229	11.58173395102581	21.111846459298476	0.0
114.0	54.855994641661084	14.333556597454788	11.922304085733423	18.888144675150702	0.0
115.0	53.825136612021865	12.021857923497267	13.456284153005466	20.69672131147541	0.0
116.0	51.93905817174516	15.096952908587259	10.249307479224377	22.71468144044321	0.0
117.0	54.12011173184358	13.89664804469274	11.871508379888269	20.11173184357542	0.0
118.0	55.33285612025769	14.244810307802434	12.025769506084465	18.396564065855404	0.0
119.0	54.347826086956516	13.55072463768116	11.376811594202898	20.724637681159418	0.0
120.0	55.12445095168375	11.566617862371888	12.005856515373353	21.30307467057101	0.0
121.0	52.4517087667162	14.413075780089152	12.332838038632987	20.802377414561665	0.0
122.0	52.49813571961223	16.331096196868007	9.99254287844892	21.17822520507084	0.0
123.0	54.00749063670413	14.531835205992511	13.782771535580524	17.677902621722847	0.0
124.0	55.4054054054054	13.88888888888889	10.81081081081081	19.894894894894897	0.0
125.0	56.71641791044776	12.462686567164178	10.820895522388058	20.0	0.0
126.0	55.86466165413534	13.30827067669173	13.082706766917292	17.74436090225564	0.0
127.0	55.1829268292683	13.185975609756099	12.957317073170731	18.673780487804876	0.0
128.0	57.36196319018405	12.576687116564417	11.503067484662576	18.55828220858896	0.0
129.0	58.92307692307692	12.076923076923077	13.230769230769232	15.769230769230768	0.0
130.0	58.864696734059095	13.763608087091757	9.331259720062208	18.040435458786934	0.0
131.0	58.037094281298295	12.364760432766616	10.587326120556414	19.01081916537867	0.0
132.0	58.04643714971978	10.488390712570055	12.169735788630904	19.295436349079264	0.0
133.0	59.57620211898941	11.165444172779136	11.165444172779136	18.09290953545232	0.0
134.0	62.30323115161558	10.770505385252694	10.107705053852527	16.818558409279206	0.0
135.0	61.668070766638586	11.120471777590565	10.699241786015163	16.512215669755687	0.0
136.0	61.087144089732526	10.612597066436583	11.216566005176878	17.083692838654013	0.0
137.0	59.32802829354553	10.079575596816976	12.643678160919542	17.94871794871795	0.0
138.0	60.12601260126013	10.261026102610261	11.25112511251125	18.36183618361836	0.0
139.0	56.58627087198516	12.059369202226346	12.615955473098332	18.738404452690165	0.0
140.0	55.873925501432666	11.270296084049667	10.601719197707736	22.25405921680993	0.0
141.0	60.13847675568744	10.484668644906034	10.880316518298715	18.496538081107815	0.0
142.0	58.00203873598369	12.028542303771662	12.640163098878695	17.32925586136595	0.0
143.0	61.717921527041355	10.392364793213149	10.392364793213149	17.497348886532343	0.0
144.0	57.391304347826086	12.282608695652174	11.08695652173913	19.23913043478261	0.0
145.0	55.91882750845547	12.73957158962796	10.935738444193912	20.40586245772266	0.0
146.0	51.41509433962265	11.320754716981133	14.858490566037736	22.40566037735849	0.0
147.0	50.36764705882353	13.848039215686276	17.401960784313726	18.38235294117647	0.0
148.0	53.59477124183007	13.333333333333334	17.38562091503268	15.686274509803921	0.0
149.0	49.554896142433236	16.468842729970326	17.95252225519288	16.023738872403563	0.0
150.0	4.745762711864407	29.830508474576273	34.23728813559322	31.186440677966104	0.0
