# Position (bp)	A	C	G	T	N
0.0	97.55233829809394	1.018643891261327	0.7853348609519842	0.6436829496927403	0.0
1.0	98.0907765979596	0.8973558192796169	0.38309389964605456	0.62877368311472	0.0
2.0	98.44318557724115	0.7608336089976844	0.2915150512735693	0.5044657624875951	0.0
3.0	98.88137196438485	0.398922497995106	0.3002200242643581	0.41742921181962117	0.002056301536057247
4.0	98.88615888615888	0.37674037674037675	0.3521703521703522	0.3849303849303849	0.0
5.0	98.86430828830666	0.41594454072790293	0.2589458660413906	0.46080130492404936	0.0
6.0	98.69502567328962	0.4546100298337832	0.22527550585513365	0.625088791021452	0.0
7.0	98.79232916616094	0.4531294250920419	0.32568677428490517	0.4288546344621111	0.0
8.0	98.73976690728718	0.4153728273581482	0.30043956930273824	0.5444206960519418	0.0
9.0	99.00182763953325	0.2992508686308771	0.2751501275330883	0.42176296921130324	0.0020083950914823964
10.0	98.88242467862213	0.4258381814910334	0.3398708490773506	0.3518662908094924	0.0
11.0	98.83116624519623	0.38828378566735033	0.27677664721929074	0.5037733219171263	0.0
12.0	98.92872021743013	0.3194000833217609	0.3134485289741504	0.4384311702739699	0.0
13.0	98.91252861766796	0.29801847319807373	0.29999210547090865	0.4894608036630615	0.0
14.0	98.91376939697506	0.3182086034177961	0.32999410724808487	0.438027892359065	0.0
15.0	98.89601000429872	0.3145882996600102	0.35757552073156434	0.4318261753097034	0.0
16.0	98.92103114429021	0.3402154049535363	0.3304949648120067	0.4082584859442436	0.0
17.0	98.90188635395282	0.31955688112484026	0.3466707983111903	0.4318859666111477	0.0
18.0	98.79757585115418	0.33968964718598005	0.4014514012197946	0.46128310044005244	0.0
19.0	98.75150479593026	0.36891771193351713	0.3825094171100152	0.4970680750262126	0.0
20.0	98.79273295565541	0.3594452041414339	0.4004688415706193	0.4473529986325454	0.0
21.0	98.77947950706721	0.2992243789125556	0.3897791251624079	0.5295484074176149	0.0019685814402141816
22.0	98.69475521701182	0.3709434261683726	0.46219154169642146	0.47210981512338335	0.0
23.0	98.68094971620434	0.3457510592373491	0.4196978175713486	0.5536014069869694	0.0
24.0	98.68431640782168	0.4707491751830691	0.3419972640218878	0.5029371529733645	0.0
25.0	98.70402943733446	0.34572693637411295	0.4164897596085805	0.5337538666828411	0.0
26.0	98.70776357762561	0.41449092793140585	0.37385456244793464	0.5038909319950424	0.0
27.0	98.73781656539293	0.34868072264589534	0.3976183679295298	0.5158843440316464	0.0
28.0	98.6837264440175	0.4149123165597024	0.3597269345542247	0.541634304868577	0.0
29.0	98.78108739296103	0.3748924488876142	0.3257262260826812	0.5182939320686688	0.0
30.0	98.76974265234448	0.3306701719074124	0.32861631990798745	0.5709708558401282	0.0
31.0	98.79805222822625	0.32668324053337716	0.32668324053337716	0.5485812907069919	0.0
32.0	98.01082315139729	0.4861962541749461	0.9364562634760919	0.5665243309516763	0.0
33.0	95.73441856959832	1.3414726053206723	1.2811817017107545	1.6429271233702616	0.0
34.0	95.45731243341957	1.590321107898341	1.308781007457008	1.64358545122508	0.0
35.0	91.23529411764706	2.705882352941176	2.2794117647058822	3.7794117647058827	0.0
36.0	91.35166936314164	2.529783791734079	2.3532872481247242	3.7652595969995586	0.0
37.0	91.55957943925233	2.6869158878504673	2.453271028037383	3.300233644859813	0.0
38.0	91.33099824868651	2.860478692352598	2.3058960887332165	3.502626970227671	0.0
39.0	91.64349480462461	2.9855114883652862	2.165959315088541	3.2050343919215574	0.0
40.0	92.12759730757975	2.180275095112672	2.0924787825577993	3.5996488147497807	0.0
41.0	90.91575091575092	2.93040293040293	2.1684981684981683	3.9853479853479854	0.0
42.0	91.62241887905604	2.3303834808259585	2.551622418879056	3.4955752212389384	0.0
43.0	91.35086937137761	2.779016198543617	1.9319363947094665	3.938178035369297	0.0
44.0	91.36227544910179	2.604790419161677	2.215568862275449	3.817365269461078	0.0
45.0	90.82831325301206	2.575301204819277	2.605421686746988	3.990963855421686	0.0
46.0	90.62259800153728	3.013066871637202	2.7209838585703308	3.6433512682551883	0.0
47.0	90.80495841832732	2.6675035305193786	2.5419739526125844	3.9855640985407184	0.0
48.0	90.39692701664532	3.0729833546734953	2.672855313700384	3.857234314980794	0.0
49.0	90.83756761186692	2.524176364530405	2.7208654318964105	3.9173905917062775	0.0
50.0	90.50864361702128	2.892287234042553	2.576462765957447	4.022606382978723	0.0
51.0	90.14985687826234	3.131840377167874	2.5425155750126285	4.1757871695571644	0.0
52.0	89.61571306575577	3.330486763450043	2.8522630230572164	4.201537147736977	0.0
53.0	89.46638946638946	3.118503118503119	2.8932778932778933	4.521829521829522	0.0
54.0	90.00351988736361	3.3966913058782118	2.956705385427666	3.6430834213305174	0.0
55.0	89.29849677881174	3.4359341445955622	2.791696492483894	4.473872584108805	0.0
56.0	89.51789627465303	2.6844411979547114	2.95836376917458	4.839298758217677	0.0
57.0	88.91987358245026	3.2719836400818	3.197620375534486	4.610522401933445	0.0
58.0	88.17368120358027	3.5421824414397256	2.89468672633784	5.389449628642164	0.0
59.0	87.59010325345801	3.4093122930060393	3.4287940775375025	5.571790375998441	0.0
60.0	88.54870775347912	3.558648111332008	3.2803180914512926	4.612326043737575	0.0
61.0	87.76919951239334	3.921170255993499	3.3319788703778954	4.977651361235271	0.0
62.0	87.5852096674241	3.8834951456310676	3.3877298078909317	5.143565379053914	0.0
63.0	87.7678385687539	4.264614104431038	3.5781152485957977	4.389432078219264	0.0
64.0	87.13983050847457	4.173728813559322	3.0296610169491527	5.65677966101695	0.0
65.0	87.57831065024844	3.5860877079282782	3.802117087923958	5.0334845538993305	0.0
66.0	86.93269019951765	3.7053277789958345	3.529927647445735	5.832054374040781	0.0
67.0	86.54060066740823	4.204671857619577	3.5372636262513906	5.717463848720801	0.0
68.0	86.60955816050496	4.215509467989179	3.764652840396754	5.410279531109107	0.0
69.0	85.53201184780133	5.0808840282524494	3.1897926634768736	6.197311460469355	0.0
70.0	86.09896432681244	4.395857307249712	3.7054085155350975	5.799769850402762	0.0
71.0	86.66977394546726	4.194826380797017	3.6122116056863205	5.523188068049405	0.0
72.0	86.24526515151516	4.59280303030303	3.977272727272727	5.184659090909091	0.0
73.0	84.99641062455133	4.666188083273511	4.379038047379756	5.958363244795406	0.0
74.0	85.74534911814447	5.242812273496013	3.527422082628654	5.484416525730853	0.0
75.0	85.55068226120858	4.775828460038986	3.874269005847953	5.799220272904483	0.0
76.0	85.65411298315163	5.2527254707631315	3.3944499504459857	5.698711595639247	0.0
77.0	85.25206922498118	4.765487835465263	4.038123902683722	5.944319036869826	0.0
78.0	84.73885350318471	4.993630573248407	3.9745222929936306	6.292993630573249	0.0
79.0	85.14595711702403	4.727460604494962	3.79746835443038	6.329113924050633	0.0
80.0	84.54118873826903	4.744525547445255	4.249217935349322	6.465067778936392	0.0
81.0	84.79640401903754	4.46853516657853	4.574299312533051	6.160761501850873	0.0
82.0	83.97452905279916	5.67789864685593	4.139028920137967	6.208543380206952	0.0
83.0	84.29375502546235	5.172875904583222	3.9399624765478425	6.593406593406594	0.0
84.0	85.0336473755047	5.033647375504711	3.9300134589502016	6.002691790040378	0.0
85.0	84.17305585980284	5.585980284775466	3.751369112814896	6.4895947426067915	0.0
86.0	84.5074375526242	4.743193937692956	4.771260174010665	5.978108335672187	0.0
87.0	84.1716396703609	5.171923842000568	4.57516339869281	6.081273088945723	0.0
88.0	85.40336622170632	5.1944283226929775	3.8595473012188046	5.5426581543818925	0.0
89.0	83.83868118928466	5.269355313511922	4.533411833971151	6.358551663232263	0.0
90.0	83.37801608579089	5.302353291629431	4.7065832588620795	6.613047363717604	0.0
91.0	85.17168034032208	4.04132482528107	3.7982376177453663	6.988757216651474	0.0
92.0	82.87629494210847	6.307129798903108	4.661791590493602	6.1547836684948205	0.0
93.0	84.31916204559458	5.422057917436845	3.542821934688848	6.715958102279728	0.0
94.0	83.86194029850746	5.939054726368159	3.731343283582089	6.467661691542288	0.0
95.0	83.39658444022771	4.80708412397217	4.933586337760911	6.862745098039216	0.0
96.0	84.10469198850942	5.713373763166294	4.3089690392594955	5.872965209064794	0.0
97.0	83.92857142857143	4.935064935064935	4.383116883116883	6.753246753246753	0.0
98.0	83.03010254713861	5.127356930201786	4.631161098246775	7.2113794244128355	0.0
99.0	83.57504215851603	5.96964586846543	4.485666104553119	5.96964586846543	0.0
100.0	83.30464716006884	5.40447504302926	4.647160068846816	6.643717728055078	0.0
101.0	82.66115132712858	6.618407445708377	4.653567735263702	6.066873491899345	0.0
102.0	83.28162702516374	6.03240261978628	4.653567735263702	6.03240261978628	0.0
103.0	83.4093300596282	5.857593826727464	3.9635215713784637	6.769554542265871	0.0
104.0	83.3569907735983	4.648687012065294	4.861603974449964	7.132718239886445	0.0
105.0	82.45303084012761	5.671747607231478	5.10457284650833	6.770648706132578	0.0
106.0	82.10116731517509	7.039264237707818	4.598514326140785	6.261054120976301	0.0
107.0	82.33839632638643	6.782055810667609	4.768632991875663	6.1109148710702925	0.0
108.0	82.93991416309014	6.330472103004292	4.828326180257511	5.901287553648069	0.0
109.0	83.11781609195403	6.39367816091954	3.915229885057471	6.573275862068965	0.0
110.0	83.93895348837209	5.087209302325581	4.069767441860465	6.90406976744186	0.0
111.0	84.39327485380117	4.605263157894736	4.02046783625731	6.980994152046784	0.0
112.0	84.01335311572701	5.600890207715134	4.747774480712167	5.637982195845697	0.0
113.0	83.63840119536795	6.088905491221517	3.735524841240194	6.5371684721703405	0.0
114.0	83.32078313253012	5.609939759036144	4.894578313253012	6.174698795180722	0.0
115.0	81.65771297006907	6.907137375287798	4.489639293937069	6.945510360706063	0.0
116.0	83.69690011481056	5.817068503635668	3.4060466896287793	7.07998469192499	0.0
117.0	81.08314263920671	7.704042715484364	3.8901601830663615	7.322654462242563	0.0
118.0	84.43414445731943	5.5619930475086905	3.630745461568173	6.373117033603708	0.0
119.0	82.89371605896044	6.012412723041117	4.30566330488751	6.788207913110939	0.0
120.0	83.59829391236914	6.165180302442808	3.9162466072120976	6.3202791779759595	0.0
121.0	83.77004301916308	5.709816190848651	4.301916308173641	6.218224481814627	0.0
122.0	83.09140839544919	6.159278148293448	4.51157316594743	6.237740290309925	0.0
123.0	83.14563106796116	7.067961165048543	3.611650485436893	6.174757281553398	0.0
124.0	82.53846153846153	7.4230769230769225	4.346153846153846	5.6923076923076925	0.0
125.0	84.52154022112084	5.375524208921083	4.4605413648494086	5.642394205108654	0.0
126.0	84.1233140655106	6.97495183044316	3.352601156069364	5.5491329479768785	0.0
127.0	84.70995005762582	5.877833269304649	3.4575489819439107	5.954667691125624	0.0
128.0	85.03692188107269	5.402254178002332	3.8087835211815	5.75204041974349	0.0
129.0	85.02528199144301	6.76779463243874	2.6837806301050176	5.5231427460132245	0.0
130.0	85.02340093603745	6.123244929797192	3.8611544461778475	4.99219968798752	0.0
131.0	84.5707656612529	5.993812838360403	3.5189481825212683	5.916473317865429	0.0
132.0	87.43061062648691	3.2910388580491676	3.687549563838224	5.5908009516256945	0.0
133.0	87.23491027732463	2.9771615008156607	3.7520391517128875	6.035889070146819	0.0
134.0	87.45214802211825	3.317737133134836	4.168438962143769	5.061675882603148	0.0
135.0	87.4394006170119	2.9969149405024242	3.5698545614808284	5.9938298810048485	0.0
136.0	86.52352672453175	4.111466423024212	3.5175879396984926	5.847418912745546	0.0
137.0	86.11374407582937	3.9336492890995256	4.075829383886256	5.876777251184834	0.0
138.0	86.21873467385973	3.727317312408043	4.462972045120157	5.590975968612065	0.0
139.0	84.46255731023943	4.177279673968416	4.839531329597555	6.5206316861946	0.0
140.0	84.33155080213903	4.438502673796791	3.796791443850268	7.433155080213903	0.0
141.0	84.02662229617304	4.547975596228508	4.769828064337216	6.655574043261231	0.0
142.0	84.94434680726421	3.690685413005272	4.6865846514352665	6.6783831282952555	0.0
143.0	84.13962033067973	4.654011022657685	3.551745254133497	7.654623392529087	0.0
144.0	83.58016741790084	4.3786220218931104	5.086928525434643	6.95428203477141	0.0
145.0	79.97265892002734	6.3568010936432	4.784688995215311	8.885850991114149	0.0
146.0	80.21897810218978	5.182481751824818	6.131386861313868	8.467153284671532	0.0
147.0	78.53196527229677	6.235201262825572	6.708760852407261	8.524072612470404	0.0
148.0	77.63157894736842	5.614035087719298	8.333333333333332	8.421052631578947	0.0
149.0	75.91006423982869	6.423982869379015	9.957173447537473	7.708779443254818	0.0
150.0	5.714285714285714	40.0	24.571428571428573	29.714285714285715	0.0
