#Position (bp)	Coverage
38.0	1.3333333333333333
113.0	4.013333333333334
188.0	4.56
263.0	1.9733333333333334
338.0	0.02666666666666667
413.0	0.0
488.0	0.0
563.0	0.0
638.0	0.41333333333333333
713.0	1.0
788.0	0.6
863.0	1.92
938.0	2.6
1013.0	4.0
1088.0	2.6666666666666665
1163.0	1.0
1238.0	0.88
1313.0	0.25333333333333335
1388.0	1.0
1463.0	2.52
1538.0	3.0
1613.0	0.2
1688.0	0.64
1763.0	2.0
1838.0	3.546666666666667
1913.0	4.0
1988.0	2.2933333333333334
2063.0	3.9466666666666668
2138.0	2.066666666666667
2213.0	2.0
2288.0	2.5733333333333333
2363.0	4.8933333333333335
2438.0	4.306666666666667
2513.0	2.986666666666667
2588.0	1.6533333333333333
2663.0	1.6266666666666667
2738.0	0.6266666666666667
2813.0	2.8533333333333335
2888.0	3.3733333333333335
2963.0	1.5866666666666667
3038.0	3.92
3113.0	2.16
3188.0	0.18666666666666668
3263.0	1.0
3338.0	2.2133333333333334
3413.0	5.8533333333333335
3488.0	7.28
3563.0	3.4266666666666667
3638.0	3.493333333333333
3713.0	5.586666666666667
3788.0	5.8533333333333335
3863.0	5.226666666666667
3938.0	3.1066666666666665
4013.0	0.32
4088.0	1.8266666666666667
4163.0	5.306666666666667
4238.0	6.973333333333334
4313.0	3.44
4388.0	4.8
4463.0	3.68
4538.0	0.17333333333333334
4613.0	0.3333333333333333
4688.0	1.6266666666666667
4763.0	1.68
4838.0	0.38666666666666666
4913.0	1.6266666666666667
4988.0	2.8
5063.0	1.6266666666666667
5138.0	3.36
5213.0	4.066666666666666
5288.0	3.6
5363.0	3.7466666666666666
5438.0	2.9466666666666668
5513.0	2.48
5588.0	3.7733333333333334
5663.0	4.8933333333333335
5738.0	5.28
5813.0	5.52
5888.0	6.2
5963.0	2.84
6038.0	0.56
6113.0	1.9066666666666667
6188.0	5.133333333333334
6263.0	5.773333333333333
6338.0	4.746666666666667
6413.0	3.72
6488.0	2.0
6563.0	1.5733333333333333
6638.0	2.0533333333333332
6713.0	3.466666666666667
6788.0	1.8
6863.0	0.5333333333333333
6938.0	0.64
7013.0	4.626666666666667
7088.0	3.066666666666667
7163.0	2.6666666666666665
7238.0	3.0
7313.0	1.48
7388.0	0.96
7463.0	0.0
7538.0	0.0
7613.0	0.9866666666666667
7688.0	3.88
7763.0	3.52
7838.0	1.1333333333333333
7913.0	1.3466666666666667
7988.0	1.0
8063.0	0.17333333333333334
8138.0	1.2933333333333332
8213.0	1.9733333333333334
8288.0	0.7066666666666667
8363.0	0.5866666666666667
8438.0	1.9733333333333334
8513.0	2.546666666666667
8588.0	2.04
8663.0	1.32
8738.0	2.8533333333333335
8813.0	2.9466666666666668
8888.0	1.16
8963.0	1.0
9038.0	2.9066666666666667
9113.0	4.1066666666666665
9188.0	2.0933333333333333
9263.0	0.30666666666666664
9338.0	0.17333333333333334
9413.0	1.2666666666666666
9488.0	4.173333333333333
9563.0	3.2533333333333334
9638.0	2.92
9713.0	2.066666666666667
9788.0	2.64
9863.0	4.64
9938.0	2.2933333333333334
10013.0	1.72
10088.0	3.32
10163.0	5.626666666666667
10238.0	3.0533333333333332
10313.0	0.02666666666666667
10388.0	0.21333333333333335
10463.0	2.6133333333333333
10538.0	7.24
10613.0	8.32
10688.0	7.6
10763.0	7.133333333333334
10838.0	3.8266666666666667
10913.0	4.6
10988.0	6.013333333333334
11063.0	3.3733333333333335
11138.0	0.25333333333333335
11213.0	2.3866666666666667
11288.0	2.0933333333333333
11363.0	2.066666666666667
11438.0	2.52
11513.0	2.986666666666667
11588.0	3.08
11663.0	1.04
11738.0	0.9866666666666667
11813.0	4.333333333333333
11888.0	6.493333333333333
11963.0	5.4
12038.0	4.88
12113.0	7.333333333333333
12188.0	7.8933333333333335
12263.0	5.32
12338.0	7.64
12413.0	7.786666666666667
12488.0	2.84
12563.0	1.9066666666666667
12638.0	2.506666666666667
12713.0	4.746666666666667
12788.0	3.5733333333333333
12863.0	1.2533333333333334
12938.0	0.4533333333333333
13013.0	2.6
13088.0	5.72
13163.0	3.48
13238.0	2.2133333333333334
13313.0	1.28
13388.0	0.0
13463.0	0.0
13538.0	0.9733333333333334
13613.0	3.2
13688.0	4.56
13763.0	6.253333333333333
13838.0	2.76
13913.0	2.8533333333333335
13988.0	2.5733333333333333
14063.0	2.84
14138.0	3.6
14213.0	6.48
14288.0	4.546666666666667
14363.0	1.4533333333333334
14438.0	2.44
14513.0	1.5733333333333333
14588.0	0.0
14663.0	0.96
14738.0	2.3733333333333335
14813.0	4.466666666666667
14888.0	6.253333333333333
14963.0	5.213333333333333
15038.0	3.08
15113.0	2.44
15188.0	0.0
15263.0	4.56
15338.0	9.866666666666667
15413.0	8.626666666666667
15488.0	7.8533333333333335
15563.0	7.56
15638.0	3.1066666666666665
15713.0	2.2133333333333334
15788.0	3.6
15863.0	6.666666666666667
15938.0	5.053333333333334
16013.0	3.24
16088.0	5.333333333333333
16163.0	7.426666666666667
16238.0	4.8133333333333335
16313.0	5.96
16388.0	6.24
16463.0	4.413333333333333
16538.0	5.586666666666667
16613.0	5.986666666666666
16688.0	3.16
16763.0	1.2
16838.0	5.586666666666667
16913.0	3.013333333333333
16988.0	2.6133333333333333
17063.0	2.0533333333333332
17138.0	1.52
17213.0	2.7866666666666666
17288.0	4.56
17363.0	5.36
17438.0	3.1866666666666665
17513.0	2.493333333333333
17588.0	5.8
17663.0	6.08
17738.0	11.2
17813.0	12.72
17888.0	6.2
17963.0	5.133333333333334
18038.0	6.92
18113.0	8.986666666666666
18188.0	7.04
18263.0	2.48
18338.0	1.4666666666666666
18413.0	3.066666666666667
18488.0	2.1333333333333333
18563.0	1.8266666666666667
18638.0	0.30666666666666664
18713.0	0.4
18788.0	1.4266666666666667
18863.0	4.28
18938.0	5.96
19013.0	4.373333333333333
19088.0	2.28
19163.0	0.6266666666666667
19238.0	0.7866666666666666
19313.0	2.8666666666666667
19388.0	4.12
19463.0	2.1066666666666665
19538.0	4.746666666666667
19613.0	5.0
19688.0	4.28
19763.0	7.12
19838.0	6.56
19913.0	2.72
19988.0	3.8533333333333335
20063.0	4.733333333333333
20138.0	2.4
20213.0	0.32
20288.0	2.1333333333333333
20363.0	4.0
20438.0	1.8133333333333332
20513.0	0.0
20588.0	0.72
20663.0	2.0
20738.0	0.9066666666666666
20813.0	0.4
20888.0	2.7733333333333334
20963.0	3.3866666666666667
21038.0	5.48
21113.0	6.066666666666666
21188.0	2.32
21263.0	4.0
21338.0	2.546666666666667
21413.0	2.4
21488.0	3.64
21563.0	8.093333333333334
21638.0	10.68
21713.0	4.12
21788.0	0.21333333333333335
21863.0	2.4
21938.0	1.8666666666666667
22013.0	0.0
22088.0	0.0
22163.0	0.0
22238.0	3.72
22313.0	5.44
22388.0	1.08
22463.0	1.8933333333333333
22538.0	3.88
22613.0	1.6
22688.0	2.453333333333333
22763.0	4.266666666666667
22838.0	3.3466666666666667
22913.0	4.493333333333333
22988.0	5.8533333333333335
23063.0	4.613333333333333
23138.0	1.92
23213.0	4.0
23288.0	2.546666666666667
23363.0	2.1733333333333333
23438.0	2.16
23513.0	2.546666666666667
23588.0	3.2266666666666666
23663.0	1.1066666666666667
23738.0	1.6933333333333334
23813.0	2.2666666666666666
23888.0	2.6266666666666665
23963.0	4.986666666666666
24038.0	3.12
24113.0	2.013333333333333
24188.0	2.64
24263.0	2.8133333333333335
24338.0	0.37333333333333335
24413.0	0.7866666666666666
24488.0	2.0
24563.0	1.2266666666666666
24638.0	1.6
24713.0	1.32
24788.0	2.506666666666667
24863.0	4.573333333333333
24938.0	4.96
25013.0	1.96
25088.0	2.6533333333333333
25163.0	3.0
25238.0	3.0
25313.0	3.013333333333333
25388.0	1.9866666666666666
25463.0	1.5066666666666666
25538.0	0.02666666666666667
25613.0	0.48
25688.0	1.6533333333333333
25763.0	1.7866666666666666
25838.0	0.0
25913.0	0.0
25988.0	0.3466666666666667
26063.0	1.0
26138.0	1.1333333333333333
26213.0	2.16
26288.0	5.306666666666667
26363.0	4.293333333333333
26438.0	3.4
26513.0	4.76
26588.0	2.1866666666666665
26663.0	1.1466666666666667
26738.0	0.72
26813.0	0.9866666666666667
26888.0	4.64
26963.0	5.56
27038.0	1.4
27113.0	2.8933333333333335
27188.0	4.626666666666667
27263.0	1.2266666666666666
27338.0	1.4666666666666666
27413.0	4.08
27488.0	4.546666666666667
27563.0	0.8
27638.0	0.3333333333333333
27713.0	1.2133333333333334
27788.0	4.293333333333333
27863.0	3.52
27938.0	1.5866666666666667
28013.0	3.1333333333333333
28088.0	5.8533333333333335
28163.0	4.16
28238.0	4.28
28313.0	4.88
28388.0	2.92
28463.0	3.3733333333333335
28538.0	1.84
28613.0	4.866666666666666
28688.0	6.346666666666667
28763.0	3.48
28838.0	0.0
28913.0	0.4533333333333333
28988.0	3.8
29063.0	4.946666666666666
29138.0	3.2
29213.0	6.4
29288.0	7.48
29363.0	3.2266666666666666
29438.0	1.0933333333333333
29513.0	3.2933333333333334
29588.0	2.92
29663.0	0.76
29738.0	1.8266666666666667
29813.0	2.4266666666666667
29877.0	951.1132075471698
