# Position (bp)	A	C	G	T	N
0.0	63.23337679269883	14.537157757496741	13.102998696219034	9.126466753585397	0.0
1.0	66.7535853976532	10.29986962190352	7.953063885267275	14.993481095176012	0.0
2.0	68.93265565438374	9.212198221092757	6.861499364675986	14.993646759847524	0.0
3.0	73.22097378277154	8.239700374531834	8.177278401997503	10.362047440699126	0.0
4.0	73.98022249690976	7.045735475896168	7.787391841779975	11.186650185414091	0.0
5.0	72.18137254901961	7.8431372549019605	7.598039215686274	12.377450980392158	0.0
6.0	68.408262454435	8.201701093560146	7.290400972053463	16.099635479951395	0.0
7.0	68.37968561064088	9.552599758162032	7.678355501813784	14.389359129383314	0.0
8.0	68.97590361445783	8.072289156626505	6.506024096385541	16.44578313253012	0.0
9.0	72.84172661870504	4.73621103117506	8.57314148681055	13.848920863309353	0.0
10.0	72.05970149253731	8.298507462686567	8.53731343283582	11.104477611940299	0.0
11.0	70.18485390578414	8.169350029815146	8.407871198568873	13.237924865831843	0.0
12.0	70.23172905525847	8.377896613190732	8.377896613190732	13.01247771836007	0.0
13.0	70.92198581560284	7.092198581560284	7.033096926713949	14.952718676122931	0.0
14.0	69.86462625073572	8.769864626250735	8.004708652148322	13.360800470865215	0.0
15.0	73.13782991202345	7.390029325513196	7.2140762463343115	12.258064516129032	0.0
16.0	72.58347978910369	8.084358523725834	7.205623901581721	12.126537785588752	0.0
17.0	72.86549707602339	7.368421052631578	6.374269005847953	13.391812865497077	0.0
18.0	73.4539089848308	7.001166861143523	7.701283547257877	11.843640606767794	0.0
19.0	70.66666666666667	6.969696969696971	10.181818181818182	12.181818181818182	0.0
20.0	67.70304568527918	7.931472081218274	9.581218274111675	14.784263959390865	0.0
21.0	69.47227788911155	9.084836339345358	8.283233132932532	13.159652638610556	0.0
22.0	69.20366455250176	8.949964763918253	8.104298801973222	13.742071881606766	0.0
23.0	65.70583887657058	8.795269770879527	10.864745011086473	14.634146341463413	0.0
24.0	61.63424124513619	9.105058365758754	10.583657587548638	18.67704280155642	0.0
25.0	58.700882117081	10.665597433841219	11.948676824378508	18.68484362469928	0.0
26.0	57.25062866722548	10.645431684828164	12.321877619446772	19.78206202849958	0.0
27.0	55.93073593073593	11.255411255411255	12.121212121212121	20.692640692640694	0.0
28.0	56.78119349005425	11.030741410488245	11.934900542495479	20.253164556962027	0.0
29.0	54.73977695167286	11.617100371747211	12.174721189591079	21.468401486988846	0.0
30.0	53.963705826170006	12.989493791786055	12.320916905444127	20.72588347659981	0.0
31.0	52.44140625	12.5	14.0625	20.99609375	0.0
32.0	53.22101090188305	12.884043607532211	13.676907829534194	20.218037661050545	0.0
33.0	47.23404255319149	16.170212765957448	15.851063829787234	20.74468085106383	0.0
34.0	47.046186895810955	13.10418904403867	13.856068743286789	25.99355531686359	0.0
35.0	43.32552693208431	13.23185011709602	16.861826697892273	26.580796252927403	0.0
36.0	42.840375586854464	16.431924882629108	15.375586854460094	25.352112676056336	0.0
37.0	41.62735849056604	15.919811320754718	18.278301886792452	24.17452830188679	0.0
38.0	43.278301886792455	15.44811320754717	14.033018867924529	27.240566037735846	0.0
39.0	41.96217494089834	15.011820330969266	16.666666666666664	26.35933806146572	0.0
40.0	40.38004750593824	15.914489311163896	14.726840855106888	28.978622327790976	0.0
41.0	44.128113879003564	16.132858837485173	14.590747330960854	25.148279952550418	0.0
42.0	41.02259215219976	17.360285374554103	17.360285374554103	24.25683709869203	0.0
43.0	44.351961950059454	13.793103448275861	16.527942925089178	25.326991676575506	0.0
44.0	41.211401425178146	15.201900237529692	15.201900237529692	28.38479809976247	0.0
45.0	45.48693586698337	16.033254156769598	13.539192399049881	24.94061757719715	0.0
46.0	40.97968936678614	14.336917562724013	14.814814814814813	29.868578255675033	0.0
47.0	44.13875598086124	12.679425837320574	15.669856459330145	27.51196172248804	0.0
48.0	41.835518474374254	16.924910607866508	16.5673420738975	24.672228843861742	0.0
49.0	43.92857142857143	15.595238095238095	15.357142857142858	25.11904761904762	0.0
50.0	41.350710900473935	16.46919431279621	16.46919431279621	25.710900473933652	0.0
51.0	43.41637010676156	15.42111506524318	14.23487544483986	26.927639383155398	0.0
52.0	40.8930669800235	11.985898942420683	17.2737955346651	29.847238542890718	0.0
53.0	43.109540636042404	18.84570082449941	14.840989399293287	23.2037691401649	0.0
54.0	46.533490011750885	15.158636897767334	16.803760282021152	21.504112808460636	0.0
55.0	39.523809523809526	17.023809523809526	17.976190476190474	25.476190476190474	0.0
56.0	42.07980652962515	16.203143893591292	15.598548972188633	26.118500604594924	0.0
57.0	43.97590361445783	14.93975903614458	14.337349397590362	26.746987951807228	0.0
58.0	42.94330518697226	14.71652593486128	17.249698431845598	25.090470446320868	0.0
59.0	41.30434782608695	14.251207729468598	16.78743961352657	27.657004830917874	0.0
60.0	43.15151515151515	16.606060606060606	14.787878787878789	25.454545454545453	0.0
61.0	42.326139088729015	17.38609112709832	15.467625899280577	24.820143884892087	0.0
62.0	40.958083832335326	14.97005988023952	15.449101796407186	28.622754491017965	0.0
63.0	42.65402843601896	15.52132701421801	15.639810426540285	26.18483412322275	0.0
64.0	43.79391100702576	15.456674473067917	14.402810304449648	26.346604215456676	0.0
65.0	45.380116959064324	13.216374269005849	15.67251461988304	25.730994152046783	0.0
66.0	46.25292740046839	15.573770491803279	14.637002341920374	23.536299765807964	0.0
67.0	45.040840140023334	15.052508751458577	16.33605600933489	23.570595099183198	0.0
68.0	42.374854481955765	15.250291036088475	17.345750873108265	25.029103608847496	0.0
69.0	44.36781609195402	16.32183908045977	16.666666666666664	22.64367816091954	0.0
70.0	45.91836734693878	14.852607709750568	14.17233560090703	25.056689342403626	0.0
71.0	46.27539503386004	16.365688487584652	14.89841986455982	22.460496613995485	0.0
72.0	48.98419864559819	14.108352144469528	14.559819413092551	22.34762979683973	0.0
73.0	49.55156950672646	16.031390134529147	12.668161434977579	21.748878923766814	0.0
74.0	44.83906770255272	14.761376248612654	16.315205327413985	24.084350721420645	0.0
75.0	46.97624190064795	16.30669546436285	14.794816414686826	21.922246220302377	0.0
76.0	51.229946524064175	13.475935828877006	15.080213903743314	20.21390374331551	0.0
77.0	47.39638682252922	14.984059511158343	12.646121147715197	24.97343251859724	0.0
78.0	49.94686503719448	13.815090329436769	14.027630180658873	22.210414452709884	0.0
79.0	51.33404482390609	13.660618996798293	10.992529348986126	24.0128068303095	0.0
80.0	50.74786324786324	13.568376068376068	13.141025641025642	22.542735042735043	0.0
81.0	50.37037037037037	16.084656084656086	13.015873015873018	20.529100529100532	0.0
82.0	48.57142857142857	13.968253968253968	15.978835978835978	21.48148148148148	0.0
83.0	49.3801652892562	15.289256198347106	14.049586776859504	21.280991735537192	0.0
84.0	50.407331975560076	13.747454175152749	14.358452138492872	21.486761710794298	0.0
85.0	52.20061412487206	13.613101330603888	13.510747185261001	20.67553735926305	0.0
86.0	52.15163934426229	11.68032786885246	13.217213114754097	22.950819672131146	0.0
87.0	53.442959917780065	12.435765673175746	12.23021582733813	21.891058581706062	0.0
88.0	52.05761316872428	13.991769547325102	12.654320987654321	21.296296296296298	0.0
89.0	53.044375644994844	12.177502579979361	13.003095975232199	21.775025799793603	0.0
90.0	57.438016528925615	11.363636363636363	12.5	18.698347107438014	0.0
91.0	53.7344398340249	12.033195020746888	11.099585062240664	23.13278008298755	0.0
92.0	51.832460732984295	15.078534031413612	12.041884816753926	21.047120418848166	0.0
93.0	54.17106652587117	11.615628299894404	13.621964097148892	20.591341077085534	0.0
94.0	53.4957627118644	12.711864406779661	13.029661016949154	20.76271186440678	0.0
95.0	54.807692307692314	12.713675213675213	12.393162393162394	20.085470085470085	0.0
96.0	55.84415584415584	12.770562770562771	12.012987012987013	19.37229437229437	0.0
97.0	53.493449781659386	14.08296943231441	11.244541484716157	21.17903930131004	0.0
98.0	51.45089285714286	12.723214285714285	13.839285714285715	21.986607142857142	0.0
99.0	52.130044843049326	13.789237668161435	13.67713004484305	20.40358744394619	0.0
100.0	53.993250843644546	10.123734533183352	14.173228346456693	21.70978627671541	0.0
101.0	51.36054421768708	14.73922902494331	13.378684807256235	20.521541950113377	0.0
102.0	54.0386803185438	10.921501706484642	13.538111490329921	21.501706484641637	0.0
103.0	52.947976878612714	12.369942196531792	12.947976878612716	21.734104046242773	0.0
104.0	49.58481613285884	12.336892052194544	14.590747330960854	23.487544483985765	0.0
105.0	48.90243902439024	14.02439024390244	14.634146341463413	22.439024390243905	0.0
106.0	48.38709677419355	15.632754342431761	14.01985111662531	21.960297766749378	0.0
107.0	49.24050632911393	14.936708860759493	13.670886075949367	22.151898734177212	0.0
108.0	47.18954248366013	13.856209150326798	14.50980392156863	24.444444444444443	0.0
109.0	47.43083003952569	15.2832674571805	14.361001317523057	22.92490118577075	0.0
110.0	43.04812834224599	15.106951871657753	17.11229946524064	24.732620320855613	0.0
111.0	43.49593495934959	14.363143631436316	17.88617886178862	24.254742547425472	0.0
112.0	45.953360768175585	12.757201646090536	15.637860082304528	25.65157750342936	0.0
113.0	44.07252440725244	12.831241283124129	17.154811715481173	25.94142259414226	0.0
114.0	48.927038626609445	12.303290414878399	15.450643776824036	23.319027181688128	0.0
115.0	41.534008683068016	18.523878437047756	15.48480463096961	24.457308248914618	0.0
116.0	46.829971181556196	15.85014409221902	11.527377521613833	25.79250720461095	0.0
117.0	43.884892086330936	16.258992805755394	15.683453237410072	24.172661870503596	0.0
118.0	44.138929088277855	14.327062228654125	14.47178002894356	27.06222865412446	0.0
119.0	44.927536231884055	17.391304347826086	14.927536231884059	22.753623188405797	0.0
120.0	44.37956204379562	15.62043795620438	17.226277372262775	22.773722627737225	0.0
121.0	46.98972099853157	14.684287812041116	14.096916299559473	24.229074889867842	0.0
122.0	46.48093841642228	15.395894428152493	16.715542521994134	21.407624633431084	0.0
123.0	47.18934911242604	15.680473372781064	14.349112426035504	22.781065088757398	0.0
124.0	43.04538799414349	17.569546120058565	14.202049780380674	25.183016105417277	0.0
125.0	50.29850746268657	12.53731343283582	13.432835820895523	23.731343283582092	0.0
126.0	48.37278106508875	16.124260355029584	12.721893491124261	22.781065088757398	0.0
127.0	50.0	13.649851632047477	16.023738872403563	20.326409495548962	0.0
128.0	49.92548435171386	15.648286140089418	11.922503725782414	22.503725782414307	0.0
129.0	47.1976401179941	15.634218289085547	15.191740412979351	21.976401179941004	0.0
130.0	50.6006006006006	12.912912912912914	13.513513513513514	22.972972972972975	0.0
131.0	49.62292609351433	13.574660633484163	14.630467571644044	22.171945701357465	0.0
132.0	48.91640866873065	13.46749226006192	16.253869969040245	21.36222910216718	0.0
133.0	49.21135646687697	13.249211356466878	14.66876971608833	22.87066246056782	0.0
134.0	47.44408945686901	13.258785942492013	15.654952076677317	23.642172523961662	0.0
135.0	45.705024311183145	14.100486223662884	16.369529983792543	23.824959481361425	0.0
136.0	48.50993377483444	11.754966887417218	14.23841059602649	25.496688741721858	0.0
137.0	50.0	12.837837837837837	14.695945945945946	22.466216216216218	0.0
138.0	47.098976109215016	14.846416382252558	13.993174061433447	24.061433447098977	0.0
139.0	42.98093587521664	17.677642980935875	15.077989601386482	24.263431542461007	0.0
140.0	44.91228070175438	14.210526315789473	12.456140350877194	28.421052631578945	0.0
141.0	45.84837545126354	13.898916967509026	12.996389891696749	27.256317689530686	0.0
142.0	48.61878453038674	15.285451197053407	11.786372007366483	24.30939226519337	0.0
143.0	44.58955223880597	18.28358208955224	13.432835820895523	23.69402985074627	0.0
144.0	49.142857142857146	13.333333333333334	13.904761904761905	23.61904761904762	0.0
145.0	43.86973180076628	15.708812260536398	14.75095785440613	25.67049808429119	0.0
146.0	46.30350194552529	13.618677042801556	17.120622568093385	22.957198443579767	0.0
147.0	42.13709677419355	13.911290322580644	17.338709677419356	26.61290322580645	0.0
148.0	40.598290598290596	17.52136752136752	20.085470085470085	21.794871794871796	0.0
149.0	40.23529411764706	19.058823529411764	18.58823529411765	22.11764705882353	0.0
150.0	4.433497536945813	37.4384236453202	26.108374384236456	32.01970443349754	0.0
