#Position (bp)	Coverage
38.0	3.6666666666666665
113.0	4.12
188.0	8.813333333333333
263.0	6.8
338.0	3.973333333333333
413.0	7.84
488.0	8.493333333333334
563.0	9.0
638.0	16.173333333333332
713.0	16.96
788.0	12.4
863.0	7.56
938.0	7.466666666666667
1013.0	8.533333333333333
1088.0	7.746666666666667
1163.0	9.933333333333334
1238.0	8.12
1313.0	7.48
1388.0	5.72
1463.0	5.586666666666667
1538.0	6.226666666666667
1613.0	5.04
1688.0	7.44
1763.0	7.466666666666667
1838.0	13.826666666666666
1913.0	14.746666666666666
1988.0	3.8533333333333335
2063.0	1.48
2138.0	4.96
2213.0	16.573333333333334
2288.0	15.373333333333333
2363.0	11.546666666666667
2438.0	5.36
2513.0	2.1733333333333333
2588.0	4.64
2663.0	5.32
2738.0	7.026666666666666
2813.0	6.346666666666667
2888.0	8.52
2963.0	7.053333333333334
3038.0	3.973333333333333
3113.0	1.52
3188.0	3.72
3263.0	16.52
3338.0	31.08
3413.0	27.093333333333334
3488.0	16.066666666666666
3563.0	12.12
3638.0	12.333333333333334
3713.0	2.7466666666666666
3788.0	2.6133333333333333
3863.0	7.226666666666667
3938.0	3.8
4013.0	7.293333333333333
4088.0	8.426666666666666
4163.0	9.906666666666666
4238.0	13.133333333333333
4313.0	10.72
4388.0	25.133333333333333
4463.0	20.4
4538.0	2.24
4613.0	2.6666666666666665
4688.0	8.48
4763.0	16.866666666666667
4838.0	12.506666666666666
4913.0	11.053333333333333
4988.0	9.493333333333334
5063.0	9.626666666666667
5138.0	8.88
5213.0	8.88
5288.0	8.573333333333334
5363.0	9.146666666666667
5438.0	8.346666666666666
5513.0	10.066666666666666
5588.0	13.08
5663.0	9.68
5738.0	6.12
5813.0	7.266666666666667
5888.0	10.893333333333333
5963.0	14.426666666666666
6038.0	14.626666666666667
6113.0	11.28
6188.0	8.373333333333333
6263.0	17.69333333333333
6338.0	17.586666666666666
6413.0	15.68
6488.0	13.053333333333333
6563.0	4.0
6638.0	8.786666666666667
6713.0	10.213333333333333
6788.0	6.213333333333333
6863.0	4.306666666666667
6938.0	2.3333333333333335
7013.0	1.1733333333333333
7088.0	3.28
7163.0	5.933333333333334
7238.0	5.48
7313.0	3.506666666666667
7388.0	3.24
7463.0	8.906666666666666
7538.0	11.28
7613.0	9.56
7688.0	10.746666666666666
7763.0	5.573333333333333
7838.0	0.38666666666666666
7913.0	3.6533333333333333
7988.0	3.32
8063.0	2.0
8138.0	8.88
8213.0	18.253333333333334
8288.0	9.213333333333333
8363.0	2.533333333333333
8438.0	5.68
8513.0	8.813333333333333
8588.0	8.12
8663.0	10.68
8738.0	4.013333333333334
8813.0	1.16
8888.0	0.013333333333333334
8963.0	1.6533333333333333
9038.0	2.0
9113.0	2.8666666666666667
9188.0	5.4
9263.0	6.1466666666666665
9338.0	2.546666666666667
9413.0	3.4266666666666667
9488.0	7.746666666666667
9563.0	7.44
9638.0	6.173333333333333
9713.0	4.52
9788.0	4.746666666666667
9863.0	8.8
9938.0	11.24
10013.0	10.546666666666667
10088.0	7.84
10163.0	9.426666666666666
10238.0	11.04
10313.0	12.426666666666666
10388.0	14.506666666666666
10463.0	7.6
10538.0	11.693333333333333
10613.0	16.84
10688.0	10.266666666666667
10763.0	11.133333333333333
10838.0	8.0
10913.0	8.64
10988.0	7.1066666666666665
11063.0	3.52
11138.0	4.613333333333333
11213.0	7.613333333333333
11288.0	14.946666666666667
11363.0	16.72
11438.0	14.8
11513.0	7.693333333333333
11588.0	8.72
11663.0	13.093333333333334
11738.0	13.466666666666667
11813.0	11.28
11888.0	10.24
11963.0	17.293333333333333
12038.0	13.04
12113.0	12.24
12188.0	20.746666666666666
12263.0	18.48
12338.0	13.36
12413.0	9.013333333333334
12488.0	7.946666666666666
12563.0	6.453333333333333
12638.0	9.68
12713.0	21.573333333333334
12788.0	20.64
12863.0	6.293333333333333
12938.0	2.96
13013.0	10.333333333333334
13088.0	17.293333333333333
13163.0	6.84
13238.0	3.066666666666667
13313.0	7.0
13388.0	7.413333333333333
13463.0	13.573333333333334
13538.0	5.88
13613.0	4.48
13688.0	11.986666666666666
13763.0	13.906666666666666
13838.0	12.76
13913.0	9.96
13988.0	5.506666666666667
14063.0	13.813333333333333
14138.0	19.56
14213.0	22.453333333333333
14288.0	14.12
14363.0	1.8266666666666667
14438.0	7.12
14513.0	8.92
14588.0	11.186666666666667
14663.0	11.066666666666666
14738.0	8.04
14813.0	8.186666666666667
14888.0	8.213333333333333
14963.0	10.0
15038.0	11.586666666666666
15113.0	14.826666666666666
15188.0	11.226666666666667
15263.0	6.373333333333333
15338.0	12.026666666666667
15413.0	17.213333333333335
15488.0	15.386666666666667
15563.0	16.6
15638.0	9.48
15713.0	10.933333333333334
15788.0	17.813333333333333
15863.0	28.36
15938.0	16.613333333333333
16013.0	7.413333333333333
16088.0	7.466666666666667
16163.0	9.373333333333333
16238.0	3.6266666666666665
16313.0	6.053333333333334
16388.0	9.88
16463.0	16.32
16538.0	22.04
16613.0	8.16
16688.0	10.493333333333334
16763.0	15.306666666666667
16838.0	10.066666666666666
16913.0	7.973333333333334
16988.0	6.253333333333333
17063.0	4.426666666666667
17138.0	1.12
17213.0	2.64
17288.0	11.573333333333334
17363.0	17.04
17438.0	14.533333333333333
17513.0	7.6
17588.0	18.013333333333332
17663.0	18.466666666666665
17738.0	18.986666666666668
17813.0	17.333333333333332
17888.0	11.506666666666666
17963.0	15.893333333333333
18038.0	16.413333333333334
18113.0	5.746666666666667
18188.0	5.08
18263.0	5.253333333333333
18338.0	3.7333333333333334
18413.0	5.093333333333334
18488.0	12.293333333333333
18563.0	9.52
18638.0	9.373333333333333
18713.0	13.333333333333334
18788.0	7.28
18863.0	6.8133333333333335
18938.0	10.026666666666667
19013.0	6.84
19088.0	6.56
19163.0	7.1466666666666665
19238.0	8.986666666666666
19313.0	9.666666666666666
19388.0	5.76
19463.0	7.173333333333333
19538.0	17.573333333333334
19613.0	24.64
19688.0	15.706666666666667
19763.0	20.373333333333335
19838.0	14.906666666666666
19913.0	7.88
19988.0	20.88
20063.0	25.506666666666668
20138.0	29.773333333333333
20213.0	17.346666666666668
20288.0	9.893333333333333
20363.0	17.373333333333335
20438.0	9.173333333333334
20513.0	6.026666666666666
20588.0	5.32
20663.0	3.1333333333333333
20738.0	4.013333333333334
20813.0	3.44
20888.0	1.76
20963.0	2.9466666666666668
21038.0	5.453333333333333
21113.0	7.0
21188.0	4.04
21263.0	17.226666666666667
21338.0	18.346666666666668
21413.0	5.92
21488.0	3.72
21563.0	20.386666666666667
21638.0	21.346666666666668
21713.0	4.8533333333333335
21788.0	5.8533333333333335
21863.0	7.973333333333334
21938.0	6.373333333333333
22013.0	11.946666666666667
22088.0	9.973333333333333
22163.0	1.24
22238.0	0.8266666666666667
22313.0	1.8933333333333333
22388.0	1.44
22463.0	3.04
22538.0	3.973333333333333
22613.0	4.986666666666666
22688.0	7.04
22763.0	5.533333333333333
22838.0	1.6666666666666667
22913.0	2.506666666666667
22988.0	3.6666666666666665
23063.0	3.4
23138.0	2.7466666666666666
23213.0	7.613333333333333
23288.0	7.28
23363.0	5.44
23438.0	6.0
23513.0	6.573333333333333
23588.0	7.44
23663.0	8.44
23738.0	5.826666666666667
23813.0	8.04
23888.0	12.426666666666666
23963.0	17.36
24038.0	14.893333333333333
24113.0	8.946666666666667
24188.0	5.413333333333333
24263.0	5.226666666666667
24338.0	6.573333333333333
24413.0	3.12
24488.0	5.613333333333333
24563.0	9.213333333333333
24638.0	6.653333333333333
24713.0	8.64
24788.0	18.72
24863.0	18.36
24938.0	12.053333333333333
25013.0	14.453333333333333
25088.0	5.266666666666667
25163.0	2.88
25238.0	0.5866666666666667
25313.0	0.6933333333333334
25388.0	7.72
25463.0	7.666666666666667
25538.0	2.6533333333333333
25613.0	1.5333333333333334
25688.0	5.44
25763.0	8.92
25838.0	5.4
25913.0	7.626666666666667
25988.0	4.8
26063.0	4.266666666666667
26138.0	7.386666666666667
26213.0	14.306666666666667
26288.0	15.24
26363.0	12.093333333333334
26438.0	9.226666666666667
26513.0	3.986666666666667
26588.0	1.24
26663.0	5.093333333333334
26738.0	10.386666666666667
26813.0	9.546666666666667
26888.0	12.546666666666667
26963.0	14.96
27038.0	4.133333333333334
27113.0	6.08
27188.0	12.84
27263.0	21.413333333333334
27338.0	18.426666666666666
27413.0	10.626666666666667
27488.0	7.493333333333333
27563.0	2.493333333333333
27638.0	7.76
27713.0	8.44
27788.0	4.28
27863.0	9.2
27938.0	9.373333333333333
28013.0	6.986666666666666
28088.0	10.96
28163.0	14.053333333333333
28238.0	17.76
28313.0	21.44
28388.0	19.48
28463.0	9.893333333333333
28538.0	5.306666666666667
28613.0	4.56
28688.0	6.413333333333333
28763.0	5.1866666666666665
28838.0	4.36
28913.0	5.666666666666667
28988.0	8.4
29063.0	7.8
29138.0	7.626666666666667
29213.0	11.826666666666666
29288.0	30.026666666666667
29363.0	32.53333333333333
29438.0	22.773333333333333
29513.0	19.586666666666666
29588.0	16.533333333333335
29663.0	15.186666666666667
29738.0	15.066666666666666
29813.0	11.906666666666666
29877.0	4119.698113207547
