#Position (bp)	insert size
38.0	7336.0
113.0	112.5
188.0	124.0
263.0	369.0
338.0	279.3333333333333
413.0	272.2
488.0	252.0
563.0	208.66666666666666
638.0	135.0
713.0	104.75
788.0	128.5
863.0	189.0
938.0	126.5
1013.0	219.33333333333334
1088.0	155.5
1163.0	165.0
1238.0	105.0
1313.0	107.25
1388.0	121.0
1463.0	189.0
1538.0	234.0
1613.0	189.0
1688.0	56.0
1763.0	178.6
1838.0	142.25
1913.0	161.0
1988.0	0.0
2063.0	170.0
2138.0	195.57142857142858
2213.0	144.0
2288.0	153.33333333333334
2363.0	59.0
2438.0	20.0
2513.0	242.0
2588.0	0.0
2663.0	95.66666666666667
2738.0	109.0
2813.0	165.0
2888.0	170.66666666666666
2963.0	0.0
3038.0	0.0
3113.0	0.0
3188.0	146.42857142857142
3263.0	176.72727272727272
3338.0	195.42857142857142
3413.0	142.66666666666666
3488.0	0.0
3563.0	105.4
3638.0	87.0
3713.0	0.0
3788.0	125.0
3863.0	85.0
3938.0	170.0
4013.0	153.0
4088.0	244.0
4163.0	155.25
4238.0	172.25
4313.0	169.14285714285714
4388.0	120.25
4463.0	270.0
4538.0	0.0
4613.0	231.33333333333334
4688.0	124.0
4763.0	150.14285714285714
4838.0	111.0
4913.0	103.0
4988.0	178.75
5063.0	227.0
5138.0	260.6666666666667
5213.0	285.0
5288.0	159.0
5363.0	216.66666666666666
5438.0	206.75
5513.0	0.0
5588.0	144.6
5663.0	153.33333333333334
5738.0	226.33333333333334
5813.0	248.0
5888.0	208.0
5963.0	158.66666666666666
6038.0	152.0
6113.0	0.0
6188.0	185.875
6263.0	211.16666666666666
6338.0	167.5
6413.0	192.5
6488.0	20.0
6563.0	162.5
6638.0	138.33333333333334
6713.0	140.5
6788.0	217.66666666666666
6863.0	0.0
6938.0	0.0
7013.0	193.0
7088.0	196.0
7163.0	162.5
7238.0	136.0
7313.0	0.0
7388.0	161.33333333333334
7463.0	115.75
7538.0	165.8
7613.0	97.0
7688.0	138.0
7763.0	0.0
7838.0	0.0
7913.0	216.0
7988.0	0.0
8063.0	206.33333333333334
8138.0	189.6
8213.0	124.0
8288.0	344.0
8363.0	312.0
8438.0	161.25
8513.0	164.0
8588.0	89.66666666666667
8663.0	172.0
8738.0	0.0
8813.0	0.0
8888.0	0.0
8963.0	93.0
9038.0	0.0
9113.0	158.5
9188.0	105.33333333333333
9263.0	0.0
9338.0	81.0
9413.0	169.5
9488.0	163.5
9563.0	0.0
9638.0	244.0
9713.0	0.0
9788.0	56.333333333333336
9863.0	172.25
9938.0	137.0
10013.0	183.5
10088.0	163.66666666666666
10163.0	210.33333333333334
10238.0	191.33333333333334
10313.0	123.2
10388.0	247.5
10463.0	155.66666666666666
10538.0	116.83333333333333
10613.0	189.33333333333334
10688.0	298.0
10763.0	132.25
10838.0	156.0
10913.0	247.5
10988.0	267.0
11063.0	215.0
11138.0	19.0
11213.0	188.8
11288.0	174.6
11363.0	144.4
11438.0	73.0
11513.0	226.66666666666666
11588.0	198.0
11663.0	193.25
11738.0	80.0
11813.0	174.33333333333334
11888.0	167.83333333333334
11963.0	161.14285714285714
12038.0	245.66666666666666
12113.0	139.14285714285714
12188.0	169.33333333333334
12263.0	201.0
12338.0	130.0
12413.0	159.8
12488.0	224.5
12563.0	129.0
12638.0	152.8
12713.0	137.0
12788.0	151.0
12863.0	0.0
12938.0	136.66666666666666
13013.0	169.6
13088.0	138.33333333333334
13163.0	0.0
13238.0	155.0
13313.0	234.0
13388.0	129.5
13463.0	66.0
13538.0	218.0
13613.0	173.5
13688.0	249.0
13763.0	170.66666666666666
13838.0	119.0
13913.0	134.66666666666666
13988.0	172.0
14063.0	206.33333333333334
14138.0	139.42857142857142
14213.0	96.8
14288.0	223.0
14363.0	0.0
14438.0	141.0
14513.0	131.75
14588.0	141.0
14663.0	145.66666666666666
14738.0	157.75
14813.0	288.0
14888.0	160.25
14963.0	173.0
15038.0	167.5
15113.0	153.0
15188.0	243.66666666666666
15263.0	244.5
15338.0	134.0
15413.0	228.0
15488.0	134.66666666666666
15563.0	181.25
15638.0	179.0
15713.0	195.125
15788.0	114.875
15863.0	224.0
15938.0	156.0
16013.0	111.0
16088.0	144.75
16163.0	0.0
16238.0	187.0
16313.0	144.33333333333334
16388.0	181.33333333333334
16463.0	127.0
16538.0	122.33333333333333
16613.0	147.0
16688.0	272.25
16763.0	158.2
16838.0	108.0
16913.0	325.5
16988.0	69.0
17063.0	0.0
17138.0	0.0
17213.0	107.0
17288.0	206.75
17363.0	118.5
17438.0	322.6666666666667
17513.0	156.33333333333334
17588.0	110.25
17663.0	165.0
17738.0	209.88888888888889
17813.0	149.66666666666666
17888.0	186.66666666666666
17963.0	170.0
18038.0	101.0
18113.0	82.66666666666667
18188.0	187.5
18263.0	137.0
18338.0	0.0
18413.0	244.33333333333334
18488.0	87.0
18563.0	148.33333333333334
18638.0	135.5
18713.0	107.5
18788.0	264.5
18863.0	148.0
18938.0	126.0
19013.0	144.0
19088.0	214.5
19163.0	199.66666666666666
19238.0	114.75
19313.0	0.0
19388.0	213.33333333333334
19463.0	257.5
19538.0	116.5
19613.0	183.4
19688.0	178.71428571428572
19763.0	145.8
19838.0	0.0
19913.0	163.42857142857142
19988.0	158.22222222222223
20063.0	151.71428571428572
20138.0	113.25
20213.0	199.5
20288.0	118.33333333333333
20363.0	107.0
20438.0	276.3333333333333
20513.0	19.333333333333332
20588.0	94.33333333333333
20663.0	87.0
20738.0	131.0
20813.0	278.0
20888.0	197.0
20963.0	0.0
21038.0	119.33333333333333
21113.0	132.0
21188.0	236.5
21263.0	162.14285714285714
21338.0	109.33333333333333
21413.0	0.0
21488.0	175.25
21563.0	112.2
21638.0	136.0
21713.0	306.0
21788.0	130.0
21863.0	0.0
21938.0	175.33333333333334
22013.0	169.75
22088.0	19.0
22163.0	19.0
22238.0	0.0
22313.0	110.5
22388.0	287.0
22463.0	132.0
22538.0	194.0
22613.0	159.0
22688.0	171.0
22763.0	0.0
22838.0	129.0
22913.0	59.0
22988.0	180.5
23063.0	0.0
23138.0	207.0
23213.0	188.0
23288.0	0.0
23363.0	130.0
23438.0	131.0
23513.0	227.66666666666666
23588.0	97.0
23663.0	174.5
23738.0	115.66666666666667
23813.0	133.0
23888.0	98.625
23963.0	129.0
24038.0	210.25
24113.0	224.0
24188.0	20.0
24263.0	126.0
24338.0	134.0
24413.0	0.0
24488.0	125.2
24563.0	197.0
24638.0	138.0
24713.0	143.0
24788.0	145.66666666666666
24863.0	129.66666666666666
24938.0	118.6
25013.0	97.0
25088.0	128.0
25163.0	0.0
25238.0	0.0
25313.0	143.0
25388.0	150.0
25463.0	76.5
25538.0	0.0
25613.0	0.0
25688.0	120.5
25763.0	53.0
25838.0	113.0
25913.0	120.0
25988.0	256.0
26063.0	244.0
26138.0	147.33333333333334
26213.0	128.75
26288.0	203.2
26363.0	144.0
26438.0	344.0
26513.0	0.0
26588.0	138.0
26663.0	272.6
26738.0	125.25
26813.0	165.0
26888.0	118.8
26963.0	0.0
27038.0	124.0
27113.0	221.25
27188.0	208.14285714285714
27263.0	99.33333333333333
27338.0	153.66666666666666
27413.0	149.5
27488.0	444.0
27563.0	92.0
27638.0	171.8
27713.0	162.0
27788.0	198.0
27863.0	115.33333333333333
27938.0	201.33333333333334
28013.0	180.0
28088.0	180.25
28163.0	220.57142857142858
28238.0	133.5
28313.0	203.66666666666666
28388.0	89.5
28463.0	187.0
28538.0	0.0
28613.0	189.0
28688.0	101.0
28763.0	193.0
28838.0	198.5
28913.0	202.5
28988.0	218.5
29063.0	249.0
29138.0	199.8
29213.0	157.75
29288.0	144.6875
29363.0	200.0
29438.0	108.8
29513.0	205.42857142857142
29588.0	141.0
29663.0	157.4
29738.0	131.5
29813.0	19.0
29877.0	25.166786312514954
