# Position (bp)	A	C	G	T	N
0.0	67.6650782845473	15.04424778761062	9.87066031313819	7.334921715452689	0.08509189925119127
1.0	71.81756296800545	6.722260040844112	6.586113002042206	14.874063989108238	0.0
2.0	71.3816869051526	9.665244502789628	5.75976370200197	13.193304890055794	0.0
3.0	77.19806763285024	6.312399355877616	6.602254428341385	9.887278582930756	0.0
4.0	77.58154335719968	5.807478122513922	7.41447891805887	9.196499602227526	0.0
5.0	78.48260664253108	5.918463717928538	5.572170628049741	10.026759011490634	0.0
6.0	73.2398753894081	7.165109034267912	5.965732087227414	13.629283489096572	0.0
7.0	75.65647204201422	6.842755637936361	6.626506024096386	10.874266295953044	0.0
8.0	75.93189139438564	6.810860561435803	6.5807639208467545	10.676484123331798	0.0
9.0	78.6487723044075	5.2310507854201616	6.801891108738753	9.318285801433582	0.0
10.0	77.12943316156411	6.835404668081237	7.487117308275234	8.548044862079418	0.0
11.0	76.23941958887545	6.499395405078598	6.6958887545344625	10.565296251511487	0.0
12.0	76.56014470907446	6.285800422068134	6.346095869761833	10.807958999095568	0.0
13.0	76.67016964419757	6.545563729169794	6.140219186308362	10.644047440324275	0.0
14.0	76.92307692307693	6.195749775516313	5.8665070338222085	11.014666267584555	0.0
15.0	77.61194029850746	5.940298507462686	6.850746268656717	9.597014925373134	0.0
16.0	77.24158474828717	6.091748585046172	6.449210604706583	10.217456061960084	0.0
17.0	77.7546468401487	5.992565055762081	6.617100371747211	9.635687732342008	0.0
18.0	77.30443817723021	6.575627133739053	6.5904705358468165	9.52946415318391	0.0
19.0	76.25521396570369	6.442144291673103	6.5348370152943	10.767804727328905	0.0
20.0	75.28326319197151	6.490773713175785	7.26772418258336	10.958238912269342	0.0
21.0	73.25541423169474	7.0299071845995185	7.975249226538329	11.739429357167412	0.0
22.0	71.9394271118409	7.644590403211094	8.264915161466886	12.151067323481117	0.0
23.0	69.62717157915283	7.846964669139177	8.842475112238922	13.68338863946906	0.0
24.0	68.26248452331821	8.00660338423442	9.451093685513825	14.279818406933554	0.0
25.0	66.54323676758877	9.257242430842954	9.888913090829885	14.310607710738402	0.0
26.0	63.569961196073955	9.883588221867154	10.842273453549419	15.704177128509473	0.0
27.0	62.84414651663873	9.863538424706727	12.305482403638976	14.986832655015561	0.0
28.0	61.53846153846154	11.08891108891109	10.364635364635365	17.007992007992005	0.0
29.0	60.335051546391746	10.489690721649485	10.644329896907216	18.530927835051546	0.0
30.0	60.91679915209327	10.572337042925279	11.340752517223105	17.170111287758345	0.0
31.0	57.96747967479675	11.38211382113821	10.840108401084011	19.81029810298103	0.0
32.0	57.75549986076302	11.835143414090782	11.055416318574213	19.353940406571983	0.0
33.0	49.95212256623045	13.692946058091287	13.278008298755188	23.076923076923077	0.0
34.0	51.26295336787565	13.018134715025905	12.759067357512954	22.959844559585495	0.0
35.0	47.04641350210971	14.135021097046414	14.20534458509142	24.613220815752463	0.0
36.0	46.75096592904812	14.927994380049176	15.454864769933263	22.866174920969442	0.0
37.0	46.2460345435319	13.464927740571026	16.35530489954177	23.933732816355306	0.0
38.0	46.6199649737303	14.185639229422067	14.78108581436077	24.413309982486865	0.0
39.0	48.12108559498956	13.987473903966595	14.996520528879612	22.89491997216423	0.0
40.0	47.177000346380325	14.96363006581226	13.404918600623484	24.45445098718393	0.0
41.0	46.77197802197802	15.247252747252748	13.289835164835164	24.690934065934066	0.0
42.0	49.15778618081815	13.716053626675833	14.094190443451357	23.03196974905466	0.0
43.0	47.21748036872653	15.261181290542847	12.700580402867873	24.82075793786275	0.0
44.0	47.47371990505256	14.988131570023736	13.767378772465241	23.77076975245846	0.0
45.0	49.39353099730458	12.735849056603774	14.555256064690028	23.31536388140162	0.0
46.0	48.40550520308828	13.293051359516618	15.172876804296745	23.128566633098355	0.0
47.0	48.0346435709527	14.790139906728847	14.956695536309129	22.218520986009327	0.0
48.0	48.75456658917303	13.151776818332781	14.878777814679509	23.21487877781468	0.0
49.0	49.10536779324055	14.579191517561298	14.181577203445991	22.133863485752155	0.0
50.0	47.23987955838073	15.523586483773839	12.91401806624289	24.322515891602542	0.0
51.0	48.82864792503347	14.558232931726907	15.36144578313253	21.251673360107095	0.0
52.0	47.42647058823529	13.93716577540107	14.939839572192511	23.696524064171122	0.0
53.0	47.340425531914896	13.829787234042554	14.295212765957446	24.534574468085108	0.0
54.0	49.90059642147117	13.817097415506957	13.817097415506957	22.46520874751491	0.0
55.0	50.483172275908025	14.161946017994001	13.195601466177942	22.159280239920026	0.0
56.0	50.28380634390651	12.120200333889816	14.257095158597663	23.338898163606007	0.0
57.0	47.51252086811352	14.090150250417363	14.924874791318866	23.47245409015025	0.0
58.0	49.29812834224599	13.669786096256683	13.4024064171123	23.629679144385026	0.0
59.0	48.301379078372015	13.319878910191726	15.405314497140935	22.973427514295324	0.0
60.0	48.134453781512605	14.38655462184874	13.815126050420169	23.66386554621849	0.0
61.0	48.15816154106117	13.247718823927002	14.667117269347752	23.927002365664077	0.0
62.0	49.01960784313725	13.184584178498987	13.319810682893849	24.475997295469913	0.0
63.0	47.5548060708263	15.008431703204048	13.558178752107924	23.87858347386172	0.0
64.0	47.75716694772344	14.435075885328835	14.131534569983137	23.676222596964585	0.0
65.0	48.08669150016932	13.647138503217068	15.678970538435488	22.587199458178123	0.0
66.0	47.814300237207725	13.554727211114875	16.909522195865808	21.72145035581159	0.0
67.0	49.122807017543856	14.102564102564102	14.40620782726046	22.36842105263158	0.0
68.0	50.353892821031344	14.526457701381867	13.818672059319178	21.30097741826761	0.0
69.0	50.618936099029774	13.081298093007696	14.687186349949815	21.61257945801271	0.0
70.0	49.56982131039047	13.864990072799472	14.228987425545997	22.336201191264063	0.0
71.0	49.469847581179586	14.777998674618953	14.41351888667992	21.338634857521537	0.0
72.0	50.01653986106517	14.654316903738007	13.728084684088653	21.60105855110817	0.0
73.0	51.472047634799864	13.926563016870658	14.455838570956004	20.14555077737347	0.0
74.0	50.22920759659463	14.407334643091026	12.737393582187295	22.62606417812705	0.0
75.0	50.160668380462724	15.102827763496144	12.596401028277635	22.140102827763496	0.0
76.0	49.093223035316576	15.972001272669425	13.808463251670378	21.126312440343618	0.0
77.0	52.762867066624565	13.23018629617935	11.872434480580992	22.134512156615095	0.0
78.0	54.03453689167975	12.244897959183673	12.872841444270017	20.84772370486656	0.0
79.0	53.0464824120603	13.693467336683419	13.599246231155778	19.660804020100503	0.0
80.0	54.56535334584115	13.727329580988117	12.507817385866165	19.199499687304566	0.0
81.0	54.97808390732624	13.212273011897308	12.335629304946776	19.47401377582968	0.0
82.0	52.3469070562636	13.397575380789556	13.055641902393534	21.168790798880945	0.031084861672365557
83.0	53.140243902439025	13.902439024390246	12.073170731707316	20.884146341463413	0.0
84.0	54.14281410063272	13.166616450738175	12.232600180777343	20.457969267851762	0.0
85.0	54.00238948626045	14.516129032258066	11.857825567502987	19.623655913978492	0.0
86.0	55.675351901767	13.35729260257562	12.339023659778377	18.628331835879006	0.0
87.0	56.970063501663134	11.52101602661022	11.823404898699728	19.685515573026912	0.0
88.0	56.55985489721886	11.487303506650544	12.182587666263602	19.77025392986699	0.0
89.0	55.85558252427184	12.408980582524272	12.651699029126215	19.083737864077673	0.0
90.0	56.234718826405874	11.460880195599021	13.080684596577017	19.223716381418093	0.0
91.0	56.63281009541398	11.480455524776854	12.18836565096953	19.698368728839643	0.0
92.0	57.25658297611758	11.543172075933864	11.941212492345377	19.259032455603183	0.0
93.0	56.50306748466257	12.05521472392638	12.45398773006135	18.98773006134969	0.0
94.0	57.19557195571956	12.484624846248463	11.223862238622386	19.095940959409592	0.0
95.0	57.48225856217217	11.663066954643629	11.570502931194076	19.284171551990127	0.0
96.0	58.88577653283535	10.830999066293185	12.605042016806722	17.678182384064737	0.0
97.0	57.580543272267846	11.718256475047378	11.465571699305118	19.23562855337966	0.0
98.0	56.544000000000004	10.624	11.968	20.864	0.0
99.0	55.47680412371135	13.015463917525775	12.693298969072163	18.814432989690722	0.0
100.0	57.021554539516664	12.508164598301763	13.1939908556499	17.276290006531678	0.0
101.0	57.422783128528735	10.428429093324478	11.590833610096315	20.557954168050482	0.0
102.0	55.357742693987234	12.294255962378232	13.234800134363454	19.11320120927108	0.0
103.0	54.27101200686106	12.34991423670669	13.344768439108062	20.034305317324186	0.0
104.0	55.062849162011176	12.290502793296088	12.988826815642456	19.657821229050278	0.0
105.0	54.8421426037602	12.273855977296915	13.62185172046825	19.262149698474637	0.0
106.0	54.3910372244308	11.962414166967836	12.64907842428623	20.99747018431514	0.0
107.0	53.94542772861357	13.053097345132745	13.348082595870206	19.653392330383483	0.0
108.0	52.57380772142316	12.376987130961394	13.663890991672975	21.385314155942467	0.0
109.0	53.5616971584274	11.755546905410666	13.857532113662904	20.825223822499026	0.0
110.0	52.96222664015905	13.518886679920477	11.968190854870775	21.5506958250497	0.0
111.0	52.57189145402997	14.054272985014176	12.434183880113405	20.93965168084245	0.0
112.0	52.7536231884058	13.540372670807454	12.46376811594203	21.242236024844722	0.0
113.0	51.35586149353358	12.599082186065916	12.807676261994159	23.23738005840634	0.0
114.0	50.768573868488474	10.973526900085396	15.584970111016224	22.672929120409908	0.0
115.0	48.4106529209622	13.745704467353953	14.604810996563575	23.238831615120276	0.0
116.0	51.893774488463215	12.059207662168046	12.451023073574227	23.595994775794516	0.0
117.0	47.994768962510896	16.259808195292067	15.344376634699216	20.40104620749782	0.0
118.0	50.6401766004415	14.834437086092716	12.891832229580574	21.63355408388521	0.0
119.0	49.82222222222222	13.866666666666665	13.42222222222222	22.88888888888889	0.0
120.0	50.990990990990994	12.567567567567567	15.495495495495495	20.945945945945947	0.0
121.0	50.1588742623695	13.209260099863823	14.1625056740808	22.469359963685882	0.0
122.0	50.15858631626643	16.53828726778432	12.097870412324422	21.205256003624832	0.0
123.0	50.591446769790714	13.739763421292084	14.64968152866242	21.019108280254777	0.0
124.0	51.242657026660645	15.725259828287394	12.923633077270674	20.10845006778129	0.0
125.0	51.891891891891895	12.477477477477478	14.279279279279281	21.35135135135135	0.0
126.0	53.13636363636364	13.363636363636363	13.818181818181818	19.68181818181818	0.0
127.0	55.04124656278644	13.657195233730523	12.144821264894592	19.156736938588452	0.0
128.0	53.988012909174735	12.263715998155831	12.309820193637622	21.43845089903181	0.0
129.0	55.40037243947859	12.197392923649906	12.942271880819368	19.45996275605214	0.0
130.0	55.03041647168928	13.851193261581656	11.69864295741694	19.41974730931212	0.0
131.0	55.50307038261691	12.376003778932452	11.714690599905527	20.40623523854511	0.0
132.0	55.518234165067184	12.81190019193858	12.76391554702495	18.90595009596929	0.0
133.0	56.46026328620185	10.970258410531448	11.701608971233544	20.867869332033155	0.0
134.0	53.838533927686974	13.075780089153048	12.828132738979692	20.257553244180286	0.0
135.0	54.93387589013224	11.597151576805697	12.207527975584945	21.26144455747711	0.0
136.0	54.58786936236392	11.715914981855883	12.493519958527735	21.202695697252462	0.0
137.0	55.443974630021145	12.156448202959831	11.627906976744185	20.77167019027484	0.0
138.0	54.75675675675675	11.297297297297296	14.972972972972972	18.972972972972972	0.0
139.0	51.02040816326531	13.678985107556535	12.906784335355765	22.393822393822393	0.0
140.0	51.365187713310576	12.286689419795222	11.888509670079635	24.459613196814562	0.0
141.0	51.72615564657694	12.931538911644235	13.458162668227033	21.884142773551783	0.0
142.0	55.22836538461539	11.838942307692307	13.100961538461538	19.831730769230766	0.0
143.0	53.41959334565619	12.138016019716574	13.062230437461492	21.380160197165743	0.0
144.0	53.47222222222222	12.058080808080808	13.952020202020202	20.517676767676768	0.0
145.0	48.10457516339869	15.163398692810457	12.875816993464051	23.856209150326798	0.0
146.0	47.87592717464599	12.27242076871207	15.441672285906947	24.409979770734996	0.0
147.0	46.40614096301465	14.515003489183531	19.74877878576413	19.330076762037685	0.0
148.0	46.34146341463415	15.225424981522542	18.551367331855136	19.881744271988175	0.0
149.0	41.3477537437604	18.96838602329451	20.216306156405988	19.467554076539102	0.0
150.0	2.973977695167286	31.04089219330855	36.059479553903344	29.739776951672862	0.18587360594795538
